run sep e_members phi f lambda elon_min elon_max sw_speed_mean sw_speed_std gamma tinit rinit vinit mean_residual arrtime_earth mae_t me_t rmse_t mstd_t
run_073 320 76 40.0000 0.7-1 50.0000 11.9225 35.4400 475 137 0.287895 2008-02-27T17:02 48 956 0.450000 2008-02-29T08:57:37.105 2.05184 2.05184 0.973782 0.980253
run_073 330 76 30.0000 0.7-1 50.0000 11.1550 33.5200 475 137 0.298026 2008-02-27T17:02 48 1024 0.528947 2008-02-29T07:52:42.632 1.25461 0.968552 1.11102 1.11840
run_073 340 76 20.0000 0.7-1 50.0000 10.0275 31.0750 475 137 0.231447 2008-02-27T17:02 47 1085 0.375000 2008-02-29T05:13:43.421 1.68658 -1.68316 1.07927 1.08644
run_073 350 76 10.0000 0.7-1 50.0000 8.96500 28.5175 475 137 0.196447 2008-02-27T17:02 48 1124 0.288158 2008-02-29T03:24:15.000 3.50737 -3.50737 1.50040 1.51037
run_027 300 76 60.0000 0.7-1 50.0000 13.3100 35.6800 475 137 0.214474 2008-03-02T05:02 49 950 0.361842 2008-03-03T19:40:25.263 9.99961 -9.99961 0.565754 0.569513
run_027 310 76 50.0000 0.7-1 50.0000 12.4450 34.3900 475 137 0.111053 2008-03-02T05:02 47 1009 0.243421 2008-03-03T15:35:04.737 14.0921 -14.0921 0.512880 0.516288
run_027 320 60 40.0000 0.7-1 50.0000 11.2635 34.3410 485 141 0.0738333 2008-03-02T05:02 46 1059 0.185000 2008-03-03T12:53:01.000 16.7968 -16.7968 0.434843 0.438512
run_027 330 31 30.0000 0.7-1 50.0000 10.5400 33.7600 517 132 0.0706452 2008-03-02T03:45 47 1108 0.100000 2008-03-03T11:00:29.032 18.6719 -18.6719 0.277342 0.281927
run_027 340 21 20.0000 0.7-1 50.0000 9.65000 30.2900 495 148 0.0623810 2008-03-02T03:45 49 1154 0.100000 2008-03-03T09:25:00.000 20.2624 -20.2624 0.113888 0.116701
run_027 350 26 10.0000 0.7-1 50.0000 8.55000 26.1388 515 139 0.0707692 2008-03-02T03:45 50 1189 0.200000 2008-03-03T08:42:41.538 20.9681 -20.9681 0.163331 0.166566
run_040 280 76 80.0000 0.7-1 50.0000 13.1400 34.1125 475 137 0.304605 2008-03-31T17:02 48 866 0.478948 2008-04-02T11:18:58.421 9.17355 -9.17355 1.09311 1.10037
run_040 290 76 70.0000 0.7-1 50.0000 12.9200 34.5300 475 137 0.280921 2008-03-31T17:02 48 867 0.0539473 2008-04-02T11:14:45.789 9.24395 -9.24395 0.764646 0.769727
run_040 320 8 40.0000 0.7-1 50.0000 11.2800 33.0800 612 61 0.188750 2008-03-31T17:02 47 736 0.500000 2008-04-02T12:50:45.000 7.64125 -7.64125 0.0562222 0.0601041
run_040 330 58 30.0000 0.7-1 50.0000 10.4807 32.7379 462 122 0.300172 2008-03-31T17:02 46 750 0.320690 2008-04-02T16:00:24.828 4.48379 -4.48379 0.654272 0.659986
run_040 340 47 20.0000 0.7-1 50.0000 9.19745 30.8700 494 133 0.323617 2008-03-31T17:02 46 820 0.363830 2008-04-02T12:07:07.660 8.37425 -8.37425 0.646450 0.653438
run_062 330 73 30.0000 0.7-1 50.0000 11.0927 33.5948 466 133 0.472740 2008-04-03T21:02 48 961 0.526027 2008-04-05T16:57:04.932 1.90096 1.34425 1.91822 1.93149
run_062 340 76 20.0000 0.7-1 50.0000 10.1050 30.6750 475 137 0.416710 2008-04-03T21:02 48 1036 0.331579 2008-04-05T14:24:41.053 1.95579 -1.19711 2.10561 2.11960
run_062 350 76 10.0000 0.7-1 50.0000 8.80750 28.3775 475 137 0.358158 2008-04-03T21:02 48 1117 0.142105 2008-04-05T12:13:35.526 3.43211 -3.38289 2.25668 2.27167
run_057 310 7 50.0000 0.7-1 50.0000 11.4400 33.1600 575 54 0.135714 2008-06-28T01:02 46 693 0.100000 2008-06-30T01:00:34.286 8.59429 -8.59429 0.0594876 0.0642540
run_057 320 52 40.0000 0.7-1 50.0000 11.3229 33.5800 464 110 0.307308 2008-06-28T02:20 47 713 0.503846 2008-06-30T02:59:09.231 6.61962 -6.61962 0.811549 0.819466
run_057 330 63 30.0000 0.7-1 50.0000 10.3014 31.9472 478 129 0.293175 2008-06-28T01:02 46 768 0.677778 2008-06-29T23:11:44.762 10.4092 -10.4092 0.594387 0.599162
run_057 340 16 20.0000 0.7-1 50.0000 8.81000 28.6738 610 61 0.115000 2008-06-27T23:45 46 862 0.443750 2008-06-29T15:33:07.500 18.0562 -18.0562 0.278700 0.287840
run_043 290 63 70.0000 0.7-1 50.0000 13.0900 33.6500 434 114 0.408889 2008-07-04T22:20 49 767 0.776191 2008-07-07T00:12:51.429 3.41889 -3.41889 1.22919 1.23906
run_043 300 76 60.0000 0.7-1 50.0000 12.1900 33.3400 475 137 0.337105 2008-07-04T21:02 46 865 0.518421 2008-07-06T17:27:07.895 10.1679 -10.1679 0.932982 0.939182
run_043 310 76 50.0000 0.7-1 50.0000 12.4400 34.5100 475 137 0.188158 2008-07-04T21:02 49 941 0.459210 2008-07-06T12:48:42.632 14.8080 -14.8080 0.748203 0.753175
run_043 320 67 40.0000 0.7-1 50.0000 11.3875 32.9700 491 136 0.102836 2008-07-04T21:02 47 1015 0.356716 2008-07-06T08:14:53.731 19.3763 -19.3763 0.400596 0.403619
run_043 330 51 30.0000 0.7-1 50.0000 10.2602 32.0420 504 136 0.0896078 2008-07-04T21:02 47 1102 0.284314 2008-07-06T05:17:49.412 22.3296 -22.3296 0.374762 0.378491
run_043 340 57 20.0000 0.7-1 50.0000 9.47000 30.5133 475 138 0.0747368 2008-07-04T19:45 48 1187 0.170175 2008-07-06T02:48:09.474 24.8240 -24.8240 0.193217 0.194935
run_043 350 57 10.0000 0.7-1 50.0000 8.48000 27.1667 475 138 0.0684210 2008-07-04T19:45 49 1279 0.0999999 2008-07-06T00:31:29.474 27.1012 -27.1012 0.513587 0.518153
run_061 310 61 50.0000 0.7-1 50.0000 11.7700 33.2900 428 111 0.470164 2008-07-17T13:02 46 772 0.159016 2008-07-19T17:08:53.115 2.54443 -2.50541 1.58270 1.59584
run_061 320 64 40.0000 0.7-1 50.0000 11.5900 33.2100 437 116 0.440313 2008-07-17T13:02 48 805 0.235937 2008-07-19T14:44:30.000 4.91156 -4.91156 1.46052 1.47207
run_061 330 23 30.0000 0.7-1 50.0000 9.91652 31.5200 507 147 0.140000 2008-07-17T13:02 46 866 0.500000 2008-07-19T05:07:31.304 14.5330 -14.5330 0.711040 0.727020
run_003 340 73 20.0000 0.7-1 50.0000 9.51370 30.4393 466 133 0.388356 2008-09-10T13:02 46 845 0.606849 2008-09-12T09:51:38.630 1.57890 0.369041 1.87358 1.88655
run_003 350 75 10.0000 0.7-1 50.0000 8.67187 28.1116 472 136 0.364933 2008-09-10T13:02 48 917 0.297333 2008-09-12T07:41:31.200 2.12933 -1.80000 1.99670 2.01015
run_012 310 65 50.0000 0.7-1 50.0000 12.1700 35.0200 440 118 0.352308 2008-11-09T17:02 46 773 0.320000 2008-11-11T16:20:09.231 5.83708 -5.83708 1.01613 1.02404
run_012 320 67 40.0000 0.7-1 50.0000 11.9000 34.7700 483 131 0.330448 2008-11-09T17:02 47 802 0.311940 2008-11-11T12:33:56.418 9.60731 -9.60731 0.865383 0.871915
run_012 330 62 30.0000 0.7-1 50.0000 10.8540 33.1382 502 132 0.193871 2008-11-09T17:02 47 845 0.430645 2008-11-11T09:23:04.839 12.7913 -12.7913 0.488723 0.492713
run_012 340 76 20.0000 0.7-1 50.0000 9.94499 31.1775 475 137 0.202895 2008-11-09T17:02 47 914 0.326316 2008-11-11T08:02:42.632 14.1312 -14.1312 0.809652 0.815032
run_012 350 45 10.0000 0.7-1 50.0000 8.53689 27.2518 498 140 0.188444 2008-11-09T17:02 48 1024 0.320000 2008-11-11T04:27:38.667 17.7182 -17.7182 0.655565 0.662973
run_039 270 57 90.0000 0.7-1 50.0000 12.9400 33.0737 513 132 0.228421 2009-01-01T05:02 47 841 0.243860 2009-01-02T21:39:22.105 7.10053 7.10053 1.96139 1.97883
run_039 280 37 80.0000 0.7-1 50.0000 13.3400 34.0700 545 130 0.120000 2009-01-01T05:02 48 877 0.227027 2009-01-02T18:44:58.378 4.19270 4.19270 1.09669 1.11182
run_039 290 40 70.0000 0.7-1 50.0000 13.5400 34.4500 564 109 0.107000 2009-01-01T05:02 49 921 0.0675000 2009-01-02T16:48:15.000 2.24750 2.24750 0.511741 0.518260
run_039 300 51 60.0000 0.7-1 50.0000 13.6300 36.0400 552 92 0.0937255 2009-01-01T05:02 50 963 0.207843 2009-01-02T15:11:24.706 0.632745 0.632745 0.132696 0.134016
run_039 310 25 50.0000 0.7-1 50.0000 11.9780 35.4500 595 90 0.0748000 2009-01-01T05:02 46 1002 0.136000 2009-01-02T13:21:12.000 1.20720 -1.20720 0.376144 0.383900
run_039 320 5 40.0000 0.7-1 50.0000 11.1400 34.5900 680 20 0.0640000 2009-01-01T03:45 45 1023 0.140000 2009-01-02T11:45:00.000 2.81400 -2.81400 0.147594 0.165015
run_039 330 3 30.0000 0.7-1 50.0000 10.3700 32.8800 675 25 0.0466667 2009-01-01T03:45 47 1041 0.100000 2009-01-02T10:45:00.000 3.81000 -3.81000 2.38419e-07 0.00000
run_001 270 22 90.0000 0.7-1 50.0000 12.6200 33.2400 570 88 0.237727 2009-02-01T13:02 46 779 0.200000 2009-02-03T07:11:32.727 4.24682 -4.24682 1.08921 1.11484
run_001 280 18 80.0000 0.7-1 50.0000 12.9400 33.9600 598 68 0.140556 2009-02-01T13:02 47 810 0.155556 2009-02-03T05:07:00.000 6.32167 -6.32167 0.675181 0.694756
run_001 290 2 70.0000 0.7-1 50.0000 12.9300 35.4400 687 17 0.0250000 2009-02-01T13:02 47 826 0.300000 2009-02-03T03:12:00.000 8.24000 -8.24000 0.00000 0.00000
run_001 330 43 30.0000 0.7-1 50.0000 10.4798 33.0202 476 125 0.285349 2009-02-01T13:02 46 753 0.411628 2009-02-03T10:00:23.721 1.43558 -1.43558 0.590759 0.597751
run_001 340 59 20.0000 0.7-1 50.0000 9.51779 31.2990 511 130 0.280678 2009-02-01T13:02 46 811 0.698305 2009-02-03T06:49:41.695 4.61627 -4.61627 0.729671 0.735935
run_001 350 40 10.0000 0.7-1 50.0000 8.25950 26.5528 485 143 0.128000 2009-02-01T13:02 47 922 0.367500 2009-02-03T01:19:06.000 10.1275 -10.1275 0.638791 0.646929
run_069 270 4 90.0000 0.7-1 50.0000 12.1700 32.7000 662 32 0.0475000 2009-05-15T09:02 46 773 0.200000 2009-05-17T03:42:00.000 11.4900 -11.4900 0.00000 0.00000
run_069 310 29 50.0000 0.7-1 50.0000 11.6400 33.5500 531 75 0.268276 2009-05-15T09:02 46 714 0.200000 2009-05-17T08:50:37.241 6.34310 -6.34310 0.536638 0.546136
run_069 320 48 40.0000 0.7-1 50.0000 11.2500 33.2700 488 126 0.308333 2009-05-15T09:02 46 732 0.300000 2009-05-17T08:50:07.500 6.35188 -6.35188 0.904444 0.914015
run_069 330 60 30.0000 0.7-1 50.0000 10.4015 31.9810 468 125 0.321333 2009-05-15T09:02 46 763 0.461667 2009-05-17T08:05:21.000 7.09950 -7.09950 0.679756 0.685492
run_069 340 71 20.0000 0.7-1 50.0000 9.45154 30.1383 459 129 0.370141 2009-05-15T09:02 46 811 0.387324 2009-05-17T07:07:10.986 8.07014 -8.07014 1.21620 1.22485
run_069 350 75 10.0000 0.7-1 50.0000 8.54253 27.2568 472 136 0.351733 2009-05-15T09:02 47 862 0.456000 2009-05-17T04:47:31.200 10.3983 -10.3983 1.86956 1.88215
run_014 300 19 60.0000 0.7-1 50.0000 13.2500 33.4800 475 140 0.286316 2009-06-03T10:20 50 830 0.500000 2009-06-05T05:31:34.737 11.5905 -11.5905 0.515573 0.529701
run_014 310 76 50.0000 0.7-1 50.0000 12.0800 34.6600 475 137 0.233158 2009-06-03T09:02 47 898 0.631579 2009-06-05T02:52:07.895 14.2345 -14.2345 0.828673 0.834179
run_014 320 70 40.0000 0.7-1 50.0000 11.6440 33.7000 488 134 0.118000 2009-06-03T09:02 48 975 0.521429 2009-06-04T21:48:14.571 19.3010 -19.3010 0.586557 0.590792
run_014 330 60 30.0000 0.7-1 50.0000 10.6980 31.9633 485 141 0.0781666 2009-06-03T09:02 48 1063 0.400000 2009-06-04T17:55:24.000 23.1848 -23.1848 0.368676 0.371787
run_014 340 46 20.0000 0.7-1 50.0000 9.41000 29.7343 498 138 0.0760869 2009-06-03T07:45 48 1170 0.221739 2009-06-04T14:55:26.087 26.1865 -26.1865 0.173095 0.175008
run_014 350 46 10.0000 0.7-1 50.0000 8.46000 26.6452 498 138 0.0689130 2009-06-03T07:45 49 1275 0.100000 2009-06-04T12:16:31.304 28.8343 -28.8343 0.437938 0.442777
run_019 310 38 50.0000 0.7-1 50.0000 11.7211 33.8100 526 77 0.281579 2009-06-12T10:20 46 692 0.400000 2009-06-14T10:26:03.158 8.22263 -8.22263 0.686623 0.695840
run_019 320 54 40.0000 0.7-1 50.0000 11.3467 33.2789 459 112 0.315926 2009-06-12T10:20 47 714 0.383333 2009-06-14T10:59:37.778 7.66241 -7.66241 0.759049 0.766176
run_019 330 57 30.0000 0.7-1 50.0000 10.2688 31.9525 458 120 0.323158 2009-06-12T09:02 46 739 0.522807 2009-06-14T09:47:45.263 8.85947 -8.85947 0.675814 0.681821
run_019 340 69 20.0000 0.7-1 50.0000 9.33160 30.2941 453 125 0.328406 2009-06-12T09:02 46 784 0.697101 2009-06-14T08:04:06.087 10.5885 -10.5885 1.33300 1.34277
run_019 350 74 10.0000 0.7-1 50.0000 8.45000 27.1221 468 134 0.336757 2009-06-12T09:02 47 851 0.601351 2009-06-14T05:16:06.486 13.3882 -13.3882 2.22620 2.24139
run_075 300 4 60.0000 0.7-1 50.0000 12.2400 33.5100 700 0 0.965000 2009-07-31T02:20 47 675 0.375000 2009-08-02T01:51:00.000 9.02750 -9.02750 0.135531 0.156498
run_075 310 50 50.0000 0.7-1 50.0000 11.7050 33.6000 459 105 0.280400 2009-07-31T02:20 46 698 0.402000 2009-08-02T03:45:50.400 7.10820 -7.10820 0.751004 0.758628
run_075 320 51 40.0000 0.7-1 50.0000 11.2000 33.1024 490 121 0.291569 2009-07-31T01:02 46 732 0.780392 2009-08-02T00:46:07.059 10.1016 -10.1016 0.739670 0.747030
run_075 330 16 30.0000 0.7-1 50.0000 10.2200 31.7500 610 61 0.115625 2009-07-31T01:02 47 809 0.800000 2009-08-01T17:50:48.750 17.0269 -17.0269 0.131421 0.135731
run_075 340 5 20.0000 0.7-1 50.0000 8.88000 29.4200 650 39 0.0420000 2009-07-30T23:45 47 910 0.600000 2009-08-01T12:15:00.000 22.6300 -22.6300 0.00000 0.00000
run_075 350 3 10.0000 0.7-1 50.0000 8.03000 25.6500 675 25 0.0333333 2009-07-30T23:45 50 1028 0.400000 2009-08-01T07:45:00.000 27.1300 -27.1300 0.00000 0.00000
run_035 340 45 20.0000 0.7-1 50.0000 9.01200 30.2020 490 133 0.331778 2009-08-03T05:02 46 811 0.362222 2009-08-05T01:54:10.667 4.26156 4.26156 1.04280 1.05458
run_035 350 72 10.0000 0.7-1 50.0000 8.44472 27.5096 462 131 0.348472 2009-08-03T05:02 47 841 0.593056 2009-08-05T02:07:09.167 4.48555 4.47916 1.93147 1.94503
run_042 280 65 80.0000 0.7-1 50.0000 12.1400 33.0332 501 130 0.261692 2009-08-20T17:02 45 816 0.564615 2009-08-22T12:57:32.308 4.11092 -4.11092 0.919205 0.926358
run_042 290 76 70.0000 0.7-1 50.0000 12.7500 34.1200 475 137 0.289474 2009-08-20T17:02 48 891 0.385526 2009-08-22T11:42:39.474 5.35908 -5.35908 0.872872 0.878672
run_042 300 76 60.0000 0.7-1 50.0000 13.0800 33.7600 475 137 0.160263 2009-08-20T17:02 49 954 0.261842 2009-08-22T07:24:06.316 9.66816 -9.66816 0.440973 0.443903
run_042 310 67 50.0000 0.7-1 50.0000 12.0691 33.8900 491 136 0.0979104 2009-08-20T17:02 47 1012 0.216418 2009-08-22T03:53:33.134 13.1815 -13.1815 0.494798 0.498532
run_042 320 46 40.0000 0.7-1 50.0000 11.0593 33.0876 507 144 0.0763043 2009-08-20T17:02 46 1067 0.119565 2009-08-22T01:28:56.087 15.5939 -15.5939 0.521647 0.527411
run_042 330 39 30.0000 0.7-1 50.0000 10.3400 31.9943 480 141 0.0700000 2009-08-20T15:45 47 1123 0.100000 2009-08-21T23:44:29.231 17.3346 -17.3346 0.216426 0.219255
run_042 340 44 20.0000 0.7-1 50.0000 9.52000 30.2500 497 141 0.0775000 2009-08-20T15:45 48 1184 0.0545455 2009-08-21T22:29:19.091 18.5877 -18.5877 0.160919 0.162779
run_042 350 57 10.0000 0.7-1 50.0000 8.50000 26.8400 475 138 0.0770175 2009-08-20T15:45 49 1256 0.0999999 2009-08-21T21:07:37.895 19.9503 -19.9503 0.511880 0.516430
run_031 280 5 80.0000 0.7-1 50.0000 12.4800 34.1100 650 39 0.0600000 2009-09-21T05:02 46 775 0.100000 2009-09-22T23:02:00.000 9.01000 -9.01000 0.00000 0.00000
run_031 310 76 50.0000 0.7-1 50.0000 11.9900 34.5200 475 137 0.267763 2009-09-21T05:02 46 899 0.768421 2009-09-22T23:01:28.421 9.01513 -9.01513 0.904615 0.910625
run_031 320 76 40.0000 0.7-1 50.0000 12.1100 33.8300 475 137 0.173026 2009-09-21T05:02 49 994 0.451316 2009-09-22T18:28:34.737 13.5637 -13.5637 0.764768 0.769850
run_031 330 67 30.0000 0.7-1 50.0000 10.8661 32.9629 491 136 0.0919403 2009-09-21T05:02 48 1068 0.485075 2009-09-22T13:49:49.254 18.2110 -18.2110 0.382693 0.385581
run_031 340 59 20.0000 0.7-1 50.0000 9.55000 30.5337 482 141 0.0735593 2009-09-21T05:02 47 1166 0.264407 2009-09-22T10:40:39.661 21.3658 -21.3658 0.222567 0.224478
run_031 350 57 10.0000 0.7-1 50.0000 8.56000 27.3967 475 138 0.0700000 2009-09-21T03:45 49 1269 0.0999999 2009-09-22T08:13:14.737 23.8228 -23.8228 0.522923 0.527571
run_096 270 9 90.0000 0.7-1 50.0000 12.2800 33.1100 575 68 0.216667 2009-09-28T13:02 46 740 0.300000 2009-09-30T09:59:46.667 10.3456 -10.3456 0.0665183 0.0705533
run_096 280 7 80.0000 0.7-1 50.0000 12.3300 33.1500 625 54 0.0957143 2009-09-28T13:02 46 752 0.300000 2009-09-30T08:22:00.000 11.9700 -11.9700 0.00000 0.00000
run_096 310 17 50.0000 0.7-1 50.0000 11.6300 35.1500 555 63 0.240000 2009-09-28T13:02 46 694 0.200000 2009-09-30T12:25:31.765 7.91471 -7.91471 0.248977 0.256640
run_096 320 55 40.0000 0.7-1 50.0000 11.3200 33.9991 452 117 0.288909 2009-09-28T13:02 46 718 0.378182 2009-09-30T13:51:27.273 6.48237 -6.48237 0.798120 0.805476
run_096 330 60 30.0000 0.7-1 50.0000 10.4720 32.7357 457 117 0.348500 2009-09-28T13:02 46 748 0.531667 2009-09-30T12:54:28.000 7.43283 -7.43283 0.717967 0.724026
run_096 340 68 20.0000 0.7-1 50.0000 9.50500 30.5550 450 123 0.366029 2009-09-28T13:02 46 790 0.473529 2009-09-30T11:44:49.412 8.59456 -8.59456 1.19993 1.20885
run_096 350 72 10.0000 0.7-1 50.0000 8.58444 27.9174 462 131 0.408472 2009-09-28T13:02 47 847 0.529167 2009-09-30T09:50:45.833 10.4956 -10.4956 2.06674 2.08124
run_059 270 39 90.0000 0.7-1 50.0000 12.5300 32.9526 512 117 0.264615 2009-11-22T13:02 46 754 0.105128 2009-11-24T09:47:38.462 5.61256 -5.61256 1.79175 1.81517
run_059 280 37 80.0000 0.7-1 50.0000 12.6600 34.2027 529 123 0.277838 2009-11-22T13:02 46 767 0.148649 2009-11-24T08:41:27.568 6.71540 -6.71540 1.23009 1.24706
run_059 330 59 30.0000 0.7-1 50.0000 10.6483 33.0861 453 115 0.323390 2009-11-22T13:02 46 755 0.347458 2009-11-24T11:52:38.644 3.53085 -3.53085 0.743775 0.750159
run_059 340 68 20.0000 0.7-1 50.0000 9.68000 31.2625 450 123 0.371471 2009-11-22T13:02 46 798 0.483823 2009-11-24T10:43:12.353 4.68971 -4.68971 1.16003 1.16866
run_059 350 73 10.0000 0.7-1 50.0000 8.73219 28.7716 465 132 0.367945 2009-11-22T13:02 47 845 0.556165 2009-11-24T08:13:06.575 7.19151 -7.19151 1.75537 1.76752
run_054 310 69 50.0000 0.7-1 50.0000 12.2200 34.7200 471 127 0.300000 2009-12-16T01:02 46 787 0.500000 2009-12-17T21:10:06.957 4.28797 -4.28797 0.801113 0.806982
run_054 320 76 40.0000 0.7-1 50.0000 12.1100 34.5900 475 137 0.310658 2009-12-16T01:02 48 852 0.401316 2009-12-17T18:42:15.789 6.75211 -6.75211 0.890915 0.896835
run_054 330 67 30.0000 0.7-1 50.0000 10.7979 33.5800 491 136 0.209104 2009-12-16T01:02 46 907 0.313433 2009-12-17T15:50:42.985 9.61537 -9.61537 0.598382 0.602898
run_054 340 63 20.0000 0.7-1 50.0000 9.97937 30.9294 490 140 0.163810 2009-12-16T01:02 47 952 0.176190 2009-12-17T13:37:08.571 11.8417 -11.8417 0.466662 0.470410
run_054 350 56 10.0000 0.7-1 50.0000 8.83750 27.7327 511 134 0.167321 2009-12-16T01:02 48 996 0.171429 2009-12-17T12:23:30.000 13.0696 -13.0696 0.702450 0.708807
run_091 280 10 80.0000 0.7-1 50.0000 12.3300 34.6000 565 80 0.221000 2010-01-22T13:02 45 700 0.400000 2010-01-24T11:05:00.000 7.73800 -7.73800 0.199088 0.209857
run_091 290 3 70.0000 0.7-1 50.0000 12.3500 34.3400 675 25 0.196667 2010-01-22T13:02 45 712 0.300000 2010-01-24T09:42:00.000 9.12000 -9.12000 0.00000 0.00000
run_091 310 5 50.0000 0.7-1 50.0000 11.8300 35.7500 625 39 0.360000 2010-01-22T13:02 46 689 0.200000 2010-01-24T11:02:00.000 7.79000 -7.79000 0.00000 0.00000
run_091 320 51 40.0000 0.7-1 50.0000 11.6941 34.7500 467 110 0.333725 2010-01-22T14:19 47 706 0.476471 2010-01-24T13:13:02.353 5.60529 -5.60529 0.786953 0.794784
run_091 330 61 30.0000 0.7-1 50.0000 10.6648 33.2677 445 112 0.329836 2010-01-22T13:02 46 745 0.567213 2010-01-24T12:22:17.705 6.45344 -6.45344 0.717287 0.723240
run_091 340 66 20.0000 0.7-1 50.0000 9.63000 31.0636 476 127 0.368333 2010-01-22T13:02 46 794 0.663636 2010-01-24T09:09:23.636 9.67045 -9.67045 0.936576 0.943753
run_091 350 75 10.0000 0.7-1 50.0000 8.77227 28.2059 472 136 0.323733 2010-01-22T13:02 47 857 0.641334 2010-01-24T06:48:43.200 12.0148 -12.0148 2.04014 2.05388
run_076 300 30 60.0000 0.7-1 50.0000 12.7173 34.7400 566 58 0.206333 2010-01-24T10:19 47 681 0.373333 2010-01-26T08:15:04.000 7.22000 -7.22000 0.109057 0.110921
run_076 310 61 50.0000 0.7-1 50.0000 12.2346 35.1100 434 111 0.272295 2010-01-24T10:19 46 712 0.401639 2010-01-26T09:32:34.426 5.92983 -5.92983 0.661871 0.667364
run_076 320 64 40.0000 0.7-1 50.0000 11.6600 34.5086 437 116 0.320000 2010-01-24T09:02 46 740 0.346875 2010-01-26T08:32:28.125 6.93187 -6.93187 0.861641 0.868452
run_076 330 60 30.0000 0.7-1 50.0000 10.7487 33.3813 457 117 0.322000 2010-01-24T09:02 46 764 0.403333 2010-01-26T07:08:28.000 8.33417 -8.33417 0.716287 0.722332
run_076 340 58 20.0000 0.7-1 50.0000 9.56656 31.0385 482 121 0.322759 2010-01-24T09:02 46 788 0.332759 2010-01-26T05:18:45.517 10.1650 -10.1650 0.741106 0.747579
run_076 350 72 10.0000 0.7-1 50.0000 8.72930 28.6129 462 131 0.356250 2010-01-24T09:02 47 838 0.648611 2010-01-26T04:18:40.833 11.1656 -11.1656 1.88974 1.90300
run_051 300 28 60.0000 0.7-1 50.0000 12.4386 35.1800 576 58 0.179643 2010-02-07T18:19 46 691 0.346429 2010-02-09T15:34:21.429 7.40036 -7.40036 0.149678 0.152424
run_051 310 40 50.0000 0.7-1 50.0000 12.1950 35.4300 534 80 0.303000 2010-02-07T18:19 46 703 0.400000 2010-02-09T15:46:30.000 7.19775 -7.19775 0.619578 0.627471
run_051 320 52 40.0000 0.7-1 50.0000 11.5500 34.2623 479 116 0.309423 2010-02-07T17:02 46 726 0.338462 2010-02-09T15:50:04.615 7.13904 -7.13904 0.799390 0.807189
run_051 330 59 30.0000 0.7-1 50.0000 10.6683 33.3139 458 118 0.310339 2010-02-07T17:02 46 753 0.406779 2010-02-09T15:25:21.356 7.55237 -7.55237 0.623526 0.628878
run_051 340 63 20.0000 0.7-1 50.0000 9.61698 31.1740 461 119 0.355556 2010-02-07T17:02 46 789 0.414285 2010-02-09T14:28:22.857 8.50413 -8.50413 0.968967 0.976750
run_051 350 72 10.0000 0.7-1 50.0000 8.70930 28.5829 462 131 0.339444 2010-02-07T17:02 47 836 0.613889 2010-02-09T12:17:34.167 10.6838 -10.6838 1.78211 1.79461
run_025 310 10 50.0000 0.7-1 50.0000 12.0800 34.6200 627 62 0.0590000 2010-04-19T09:02 47 850 0.600000 2010-04-20T23:26:00.000 10.0900 -10.0900 0.200000 0.210818
run_025 320 66 40.0000 0.7-1 50.0000 11.8764 33.8523 492 137 0.117879 2010-04-19T09:02 48 945 0.557576 2010-04-20T22:12:33.636 11.3142 -11.3142 0.629126 0.633947
run_025 330 61 30.0000 0.7-1 50.0000 10.7448 32.9000 487 141 0.0845901 2010-04-19T09:02 48 1033 0.434426 2010-04-20T18:30:55.082 15.0103 -15.0103 0.285347 0.287715
run_025 340 47 20.0000 0.7-1 50.0000 9.53234 30.4664 506 142 0.0797872 2010-04-19T09:02 47 1136 0.255319 2010-04-20T15:25:43.404 18.0977 -18.0977 0.226041 0.228485
run_025 350 44 10.0000 0.7-1 50.0000 8.51000 27.3355 497 141 0.0727273 2010-04-19T07:45 49 1247 0.143182 2010-04-20T12:34:05.455 20.9595 -20.9595 0.434087 0.439106
run_004 330 9 30.0000 0.7-1 50.0000 9.44000 32.0500 600 68 0.315556 2010-05-27T07:45 45 770 0.800000 2010-05-29T04:19:26.667 2.60333 -2.60333 0.114115 0.121037
run_004 340 68 20.0000 0.7-1 50.0000 9.37999 30.3525 450 123 0.363235 2010-05-27T09:02 46 787 0.550000 2010-05-29T08:34:22.941 1.85838 1.64985 1.28761 1.29718
run_004 350 49 10.0000 0.7-1 50.0000 8.17469 26.0714 497 134 0.302245 2010-05-27T09:02 47 877 0.253061 2010-05-29T03:04:07.347 3.85714 -3.85714 1.02407 1.03468
run_083 270 19 90.0000 0.7-1 50.0000 13.1700 32.4621 567 104 0.0831579 2010-06-03T21:02 49 963 0.300000 2010-06-05T08:37:15.789 12.3000 -12.3000 0.955736 0.981926
run_083 280 4 80.0000 0.7-1 50.0000 12.9800 33.8600 662 32 0.0775000 2010-06-03T21:02 49 962 0.400000 2010-06-05T07:52:00.000 13.0500 -13.0500 0.00000 0.00000
run_083 300 76 60.0000 0.7-1 50.0000 12.9300 34.5600 475 137 0.247763 2010-06-03T21:02 49 922 0.200000 2010-06-05T14:14:37.895 6.67605 -6.67605 0.708371 0.713078
run_083 310 76 50.0000 0.7-1 50.0000 12.4525 33.9200 475 137 0.181053 2010-06-03T21:02 48 964 0.143421 2010-06-05T11:46:41.842 9.14342 -9.14342 0.719431 0.724211
run_083 320 66 40.0000 0.7-1 50.0000 11.4397 33.4688 492 137 0.124545 2010-06-03T21:02 47 993 0.125758 2010-06-05T09:21:27.273 11.5658 -11.5658 0.609140 0.613808
run_083 330 35 30.0000 0.7-1 50.0000 10.5129 32.3189 545 135 0.0700000 2010-06-03T21:02 47 1005 0.525715 2010-06-05T06:49:36.000 14.0986 -14.0986 0.304041 0.308480
run_083 340 39 20.0000 0.7-1 50.0000 9.28000 29.3969 480 141 0.0671795 2010-06-03T19:45 47 1121 0.320513 2010-06-05T03:45:30.769 17.1685 -17.1685 0.203451 0.206111
run_083 350 40 10.0000 0.7-1 50.0000 8.37000 26.5302 485 143 0.0677500 2010-06-03T19:45 49 1233 0.147500 2010-06-05T01:03:00.000 19.8775 -19.8775 0.413393 0.418659
run_052 320 76 40.0000 0.7-1 50.0000 11.5350 33.2500 475 137 0.136053 2010-06-26T09:02 47 1006 0.250000 2010-06-27T21:42:18.947 3.41829 -3.41829 0.638853 0.643098
run_052 330 76 30.0000 0.7-1 50.0000 10.6125 32.0525 475 137 0.134474 2010-06-26T09:02 47 1061 0.309210 2010-06-27T20:15:57.632 4.85895 -4.85895 0.473647 0.476794
run_052 340 66 20.0000 0.7-1 50.0000 9.59500 30.6085 492 137 0.121212 2010-06-26T09:02 47 1105 0.274242 2010-06-27T18:28:04.545 6.65788 -6.65788 0.429014 0.432302
run_052 350 61 10.0000 0.7-1 50.0000 8.33639 26.9613 487 141 0.0826229 2010-06-26T09:02 48 1117 0.254098 2010-06-27T16:38:04.918 8.49213 -8.49213 0.802911 0.809574
run_093 300 62 60.0000 0.7-1 50.0000 12.0100 33.4800 431 112 0.476452 2010-07-02T05:02 45 808 0.430645 2010-07-04T08:37:09.677 2.53403 -2.51726 1.70547 1.71939
run_093 310 70 50.0000 0.7-1 50.0000 12.1800 34.2500 456 127 0.441714 2010-07-02T05:02 48 856 0.405714 2010-07-04T04:10:08.571 6.96771 -6.96771 1.49565 1.50645
run_093 320 76 40.0000 0.7-1 50.0000 11.6050 33.3500 475 137 0.340263 2010-07-02T05:02 48 900 0.330263 2010-07-04T00:16:18.158 10.8667 -10.8667 1.09153 1.09879
run_093 330 76 30.0000 0.7-1 50.0000 10.6550 31.9650 475 137 0.211184 2010-07-02T05:02 47 932 0.250000 2010-07-03T21:21:23.684 13.7832 -13.7832 0.677828 0.682332
run_093 340 63 20.0000 0.7-1 50.0000 9.56953 29.7306 490 140 0.127619 2010-07-02T05:02 47 949 0.260318 2010-07-03T18:34:45.714 16.5614 -16.5614 0.574127 0.578738
run_060 270 55 90.0000 0.7-1 50.0000 12.8300 32.4413 514 134 0.203273 2010-10-25T09:02 47 857 0.241818 2010-10-27T01:36:10.909 7.64691 7.64691 1.86527 1.88246
run_060 280 52 80.0000 0.7-1 50.0000 13.3400 33.8288 514 138 0.131923 2010-10-25T09:02 49 910 0.244231 2010-10-26T22:41:25.385 4.73308 4.73308 1.18085 1.19237
run_060 290 43 70.0000 0.7-1 50.0000 13.6000 34.9600 544 125 0.0946511 2010-10-25T09:02 50 959 0.206977 2010-10-26T20:00:50.233 2.05744 2.05744 0.514945 0.521039
run_060 300 17 60.0000 0.7-1 50.0000 13.6400 34.8600 658 31 0.0805882 2010-10-25T09:02 50 994 0.147059 2010-10-26T17:39:38.824 0.296471 -0.296471 0.105381 0.108624
run_060 310 16 50.0000 0.7-1 50.0000 11.9106 35.9800 629 63 0.0650000 2010-10-25T09:02 46 1030 0.118750 2010-10-26T16:31:56.250 1.43000 -1.43000 0.361248 0.373095
run_060 320 30 40.0000 0.7-1 50.0000 11.1600 34.1600 526 137 0.0716667 2010-10-25T07:45 46 1075 0.0266667 2010-10-26T16:02:00.000 1.92900 -1.92900 0.367091 0.373366
run_060 330 39 30.0000 0.7-1 50.0000 10.5500 32.8308 480 141 0.0723077 2010-10-25T07:45 47 1127 0.0871795 2010-10-26T14:57:33.846 3.00385 -3.00385 0.234549 0.237616
run_060 340 42 20.0000 0.7-1 50.0000 9.71000 30.7300 492 143 0.0785714 2010-10-25T07:45 48 1189 0.100000 2010-10-26T13:40:14.286 4.29238 -4.29238 0.147112 0.148895
run_060 350 57 10.0000 0.7-1 50.0000 8.67001 27.4033 475 138 0.0791228 2010-10-25T07:45 49 1248 0.108772 2010-10-26T12:37:37.895 5.33526 -5.33526 0.471895 0.476089
run_098 280 7 80.0000 0.7-1 50.0000 12.4400 34.1200 600 54 0.118571 2010-12-17T09:02 45 720 0.300000 2010-12-19T05:29:08.571 2.28857 -2.28857 0.0767982 0.0829515
run_098 300 40 60.0000 0.7-1 50.0000 12.4400 34.5300 587 72 0.256500 2010-12-17T09:02 46 749 0.180000 2010-12-19T04:04:30.000 3.69825 -3.69825 0.203001 0.205587
run_098 310 36 50.0000 0.7-1 50.0000 12.2900 35.3500 572 92 0.291389 2010-12-17T09:02 47 774 0.205555 2010-12-19T03:19:46.667 4.44445 -4.44445 0.525756 0.533214
run_098 320 43 40.0000 0.7-1 50.0000 11.9300 34.1000 518 125 0.258605 2010-12-17T09:02 48 802 0.100000 2010-12-19T02:37:06.977 5.15465 -5.15465 0.573295 0.580080
run_098 330 54 30.0000 0.7-1 50.0000 10.8644 33.6100 508 135 0.254815 2010-12-17T09:02 47 831 0.101852 2010-12-19T02:01:23.333 5.75241 -5.75241 0.633231 0.639177
run_098 340 29 20.0000 0.7-1 50.0000 9.16000 30.4200 513 132 0.157931 2010-12-17T07:45 46 866 0.800000 2010-12-18T23:11:33.103 8.58793 -8.58793 0.256157 0.260691
run_098 350 29 10.0000 0.7-1 50.0000 8.26000 27.0548 513 132 0.0886207 2010-12-17T07:45 48 958 0.934483 2010-12-18T18:40:51.724 13.0990 -13.0990 0.619451 0.630416
run_038 310 29 50.0000 0.7-1 50.0000 11.9100 36.5800 519 80 0.267931 2011-01-29T13:02 45 706 0.400000 2011-01-31T11:53:22.759 7.35035 -7.35035 0.478240 0.486705
run_038 320 64 40.0000 0.7-1 50.0000 11.6600 34.3000 437 116 0.331719 2011-01-29T13:02 46 754 0.320312 2011-01-31T12:26:50.625 6.79265 -6.79265 0.993831 1.00169
run_038 330 67 30.0000 0.7-1 50.0000 10.8848 33.5607 447 121 0.354179 2011-01-29T13:02 46 785 0.291045 2011-01-31T10:57:02.687 8.29119 -8.29119 0.855222 0.861677
run_038 340 59 20.0000 0.7-1 50.0000 9.56491 30.8380 507 132 0.291017 2011-01-29T13:02 46 821 0.547458 2011-01-31T06:49:41.695 12.4159 -12.4159 0.660647 0.666318
run_038 350 45 10.0000 0.7-1 50.0000 8.38978 28.2711 498 140 0.134444 2011-01-29T13:02 47 922 0.324445 2011-01-31T01:27:52.000 17.7811 -17.7811 0.463476 0.468713
run_077 310 46 50.0000 0.7-1 50.0000 12.1143 35.1500 487 104 0.306087 2011-02-09T22:19 46 704 0.454348 2011-02-11T20:50:45.652 6.24304 -6.24304 0.651540 0.658739
run_021 290 4 70.0000 0.7-1 50.0000 13.4500 35.1500 637 32 0.117500 2011-02-13T06:19 49 703 0.500000 2011-02-15T02:44:00.000 8.67000 -8.67000 0.0799999 0.0923760
run_021 310 29 50.0000 0.7-1 50.0000 11.9666 35.1300 554 68 0.234828 2011-02-13T06:19 46 691 0.341379 2011-02-15T04:14:41.379 7.16138 -7.16138 0.569554 0.579635
run_021 320 58 40.0000 0.7-1 50.0000 11.5000 34.5603 454 116 0.347931 2011-02-13T05:02 46 729 0.689655 2011-02-15T04:56:49.655 6.45948 -6.45948 0.838215 0.845536
run_021 330 68 30.0000 0.7-1 50.0000 10.7800 33.2250 450 123 0.371471 2011-02-13T05:02 46 787 0.564706 2011-02-15T03:04:04.412 8.34044 -8.34044 0.902544 0.909255
run_021 340 72 20.0000 0.7-1 50.0000 9.79501 31.6675 462 130 0.405139 2011-02-13T05:02 46 840 0.443055 2011-02-15T01:11:25.000 10.2194 -10.2194 1.27205 1.28097
run_021 350 75 10.0000 0.7-1 50.0000 8.83693 28.3357 472 136 0.369867 2011-02-13T05:02 47 888 0.322667 2011-02-14T23:02:35.200 12.3671 -12.3671 1.72233 1.73393
run_079 280 9 80.0000 0.7-1 50.0000 12.8300 33.9400 600 68 0.154444 2011-02-23T13:02 47 802 0.100000 2011-02-25T05:48:40.000 0.226667 -0.226667 0.0801388 0.0850000
run_079 290 11 70.0000 0.7-1 50.0000 12.9500 35.2900 629 60 0.0745455 2011-02-23T13:02 47 830 0.200000 2011-02-25T03:48:21.818 2.23364 -2.23364 0.275261 0.288696
run_079 330 28 30.0000 0.7-1 50.0000 10.2775 32.4386 515 134 0.227500 2011-02-23T13:02 46 821 0.278571 2011-02-25T06:00:49.286 0.632857 -0.0314286 0.702392 0.715281
run_079 340 47 20.0000 0.7-1 50.0000 9.32744 30.5277 498 137 0.323191 2011-02-23T13:02 46 838 0.114894 2011-02-25T06:46:58.723 0.849149 0.738085 0.698164 0.705712
run_066 270 24 90.0000 0.7-1 50.0000 13.6500 33.4371 511 145 0.0912500 2011-02-28T09:02 50 967 0.200000 2011-03-01T19:49:30.000 5.60125 5.60125 0.929154 0.949138
run_066 280 4 80.0000 0.7-1 50.0000 13.9100 34.3700 662 32 0.0700000 2011-02-28T09:02 51 1002 0.200000 2011-03-01T17:12:00.000 2.98000 2.98000 0.00000 0.00000
run_013 270 6 90.0000 0.7-1 50.0000 12.4100 32.8000 637 46 0.0766667 2011-03-07T05:02 46 756 0.300000 2011-03-08T23:32:00.000 2.81000 -2.81000 2.38419e-07 0.00000
run_013 290 72 70.0000 0.7-1 50.0000 12.8000 34.5900 462 130 0.352639 2011-03-07T05:02 47 820 0.198611 2011-03-09T01:40:45.000 0.891944 -0.660833 0.870091 0.876197
run_013 300 76 60.0000 0.7-1 50.0000 12.9200 34.8200 475 137 0.326711 2011-03-07T05:02 48 851 0.161842 2011-03-08T23:34:22.105 2.76737 -2.76737 0.705822 0.710512
run_013 310 76 50.0000 0.7-1 50.0000 12.6600 35.6300 475 137 0.244868 2011-03-07T05:02 48 867 0.155263 2011-03-08T22:03:42.632 4.27803 -4.27803 0.737562 0.742463
run_013 320 64 40.0000 0.7-1 50.0000 11.9800 34.3450 491 139 0.192187 2011-03-07T05:02 48 866 0.128125 2011-03-08T21:08:24.375 5.20016 -5.20016 0.670199 0.675497
run_013 340 47 20.0000 0.7-1 50.0000 9.29085 30.6660 482 126 0.371277 2011-03-07T05:02 46 812 0.200000 2011-03-09T01:02:48.511 1.31064 -1.29872 0.899001 0.908720
run_013 350 73 10.0000 0.7-1 50.0000 8.66232 28.4447 465 132 0.350274 2011-03-07T05:02 47 837 0.604110 2011-03-09T00:33:14.795 2.00082 -1.78932 1.73776 1.74978
run_084 300 64 60.0000 0.7-1 50.0000 12.3525 35.1200 437 116 0.343594 2011-03-10T02:19 46 719 0.106250 2011-03-12T02:15:37.500 5.02891 -5.02891 0.540327 0.544599
run_084 310 65 50.0000 0.7-1 50.0000 12.0500 34.4200 440 118 0.354769 2011-03-10T01:02 46 758 0.470769 2011-03-12T00:59:41.538 6.29508 -6.29508 1.00414 1.01195
run_084 320 65 40.0000 0.7-1 50.0000 11.7700 33.9600 473 126 0.323231 2011-03-10T01:02 47 787 0.403077 2011-03-11T21:55:32.308 9.36431 -9.36431 0.925698 0.932902
run_084 330 63 30.0000 0.7-1 50.0000 10.7559 33.0571 502 131 0.272381 2011-03-10T01:02 47 811 0.315873 2011-03-11T19:25:55.238 11.8594 -11.8594 0.546289 0.550677
run_084 340 27 20.0000 0.7-1 50.0000 9.06000 29.9500 515 137 0.154444 2011-03-09T23:45 46 858 0.600000 2011-03-11T15:49:48.889 15.4667 -15.4667 0.250570 0.255343
run_084 350 21 10.0000 0.7-1 50.0000 8.16000 26.8914 557 109 0.0909524 2011-03-09T23:45 48 959 0.428571 2011-03-11T10:50:14.286 20.4571 -20.4571 0.479456 0.491296
run_087 270 8 90.0000 0.7-1 50.0000 12.0500 33.1500 562 61 0.123750 2011-04-05T01:02 45 698 0.300000 2011-04-07T00:10:45.000 6.31125 -6.31125 0.0562222 0.0601041
run_087 280 8 80.0000 0.7-1 50.0000 12.2000 34.3500 562 61 0.227500 2011-04-05T01:02 45 714 0.400000 2011-04-06T23:45:45.000 6.72625 -6.72625 0.118315 0.126484
run_087 310 66 50.0000 0.7-1 50.0000 11.9200 34.7100 466 123 0.308485 2011-04-05T01:02 46 764 0.631818 2011-04-06T23:21:23.636 7.13348 -7.13348 0.833538 0.839926
run_087 320 75 40.0000 0.7-1 50.0000 11.7700 33.7724 472 136 0.273200 2011-04-05T01:02 47 828 0.429333 2011-04-06T20:08:40.000 10.3453 -10.3453 0.776476 0.781705
run_087 330 76 30.0000 0.7-1 50.0000 10.6400 32.8425 475 137 0.218684 2011-04-05T01:02 46 888 0.221053 2011-04-06T17:41:15.789 12.8041 -12.8041 0.596378 0.600340
run_087 340 45 20.0000 0.7-1 50.0000 9.44089 30.0769 498 140 0.144444 2011-04-05T01:02 47 966 0.257778 2011-04-06T13:34:18.667 16.9209 -16.9209 0.549116 0.555321
run_087 350 2 10.0000 0.7-1 50.0000 8.23000 26.8400 687 17 0.0650000 2011-04-04T23:45 50 1059 0.400000 2011-04-06T06:45:00.000 23.7400 -23.7400 0.00000 0.00000
run_023 330 7 30.0000 0.7-1 50.0000 10.6900 31.1900 625 54 0.118571 2011-04-27T09:02 49 752 0.400000 2011-04-29T03:42:00.000 5.44000 -5.44000 4.76837e-07 0.00000
run_023 340 46 20.0000 0.7-1 50.0000 9.09217 30.3000 489 131 0.348696 2011-04-27T09:02 46 801 0.500000 2011-04-29T05:34:46.957 3.56283 -3.56283 0.729698 0.737761
run_010 310 6 50.0000 0.7-1 50.0000 11.4500 34.3800 587 46 0.140000 2011-06-04T09:02 46 690 0.200000 2011-06-06T09:02:00.000 8.70000 -8.70000 0.00000 0.00000
run_010 320 50 40.0000 0.7-1 50.0000 11.3340 33.5400 469 110 0.280000 2011-06-04T10:20 47 704 0.400000 2011-06-06T10:57:24.000 6.78260 -6.78260 0.836607 0.845101
run_010 330 60 30.0000 0.7-1 50.0000 10.3000 32.1110 457 117 0.301667 2011-06-04T09:02 46 746 0.763333 2011-06-06T09:24:28.000 8.33100 -8.33100 0.625534 0.630813
run_010 340 65 20.0000 0.7-1 50.0000 9.28431 29.9908 495 135 0.327385 2011-06-04T09:02 46 809 0.709230 2011-06-06T05:06:03.692 12.6394 -12.6394 0.889852 0.896777
run_010 350 60 10.0000 0.7-1 50.0000 8.35800 27.3117 507 131 0.204333 2011-06-04T09:02 47 889 0.596667 2011-06-06T01:26:14.000 16.3040 -16.3040 1.34009 1.35140
run_030 270 15 90.0000 0.7-1 50.0000 12.5900 32.2287 598 82 0.139333 2011-07-07T13:02 47 836 0.273333 2011-07-09T05:50:00.000 13.8520 -13.8520 1.09122 1.12952
run_030 280 7 80.0000 0.7-1 50.0000 12.7100 32.8200 625 54 0.0428571 2011-07-07T13:02 48 852 0.300000 2011-07-09T03:52:00.000 15.8200 -15.8200 0.00000 0.00000
run_030 320 27 40.0000 0.7-1 50.0000 11.1500 33.9700 552 97 0.330741 2011-07-07T13:02 47 728 0.300000 2011-07-09T11:53:51.111 7.78963 -7.78963 0.616733 0.628481
run_030 330 57 30.0000 0.7-1 50.0000 10.3153 32.0900 505 128 0.276140 2011-07-07T13:02 46 783 0.752632 2011-07-09T09:58:33.684 9.71263 -9.71263 0.467395 0.471550
run_030 340 46 20.0000 0.7-1 50.0000 9.05739 29.6274 498 138 0.150000 2011-07-07T13:02 46 868 0.536956 2011-07-09T05:12:57.391 14.4765 -14.4765 0.354433 0.358349
run_030 350 38 10.0000 0.7-1 50.0000 7.99000 26.4800 475 138 0.107632 2011-07-07T11:45 48 973 0.350000 2011-07-09T00:54:44.211 18.7811 -18.7811 0.619719 0.628038
run_028 270 66 90.0000 0.7-1 50.0000 12.4500 31.7655 481 130 0.287273 2011-08-06T21:02 47 801 0.0999999 2011-08-08T18:13:49.091 3.74833 -3.73955 2.01330 2.02873
run_028 280 62 80.0000 0.7-1 50.0000 12.6200 32.7303 501 128 0.257581 2011-08-06T21:02 47 813 0.0661290 2011-08-08T16:53:17.419 5.08194 -5.08194 1.29861 1.30921
run_028 290 40 70.0000 0.7-1 50.0000 12.4200 33.3300 580 86 0.199000 2011-08-06T21:02 46 815 0.0700000 2011-08-08T15:18:45.000 6.65775 -6.65775 0.480528 0.486650
run_028 300 27 60.0000 0.7-1 50.0000 12.2600 33.6200 612 64 0.0759259 2011-08-06T21:02 46 789 0.100000 2011-08-08T15:00:31.111 6.96185 -6.96185 0.185233 0.188762
run_028 310 21 50.0000 0.7-1 50.0000 11.8300 33.4843 610 67 0.111429 2011-08-06T21:02 46 792 0.271428 2011-08-08T15:04:22.857 6.89524 -6.89524 0.298562 0.305935
run_028 330 32 30.0000 0.7-1 50.0000 10.0038 32.3400 518 129 0.255313 2011-08-06T21:02 46 770 0.100000 2011-08-08T17:56:30.000 4.03281 -4.03281 0.609279 0.619028
run_028 340 67 20.0000 0.7-1 50.0000 9.34134 30.0836 474 126 0.377015 2011-08-06T21:02 46 799 0.476119 2011-08-08T19:04:03.582 2.90612 -2.90612 1.01282 1.02047
run_028 350 73 10.0000 0.7-1 50.0000 8.46698 27.1793 466 133 0.339178 2011-08-06T21:02 47 857 0.531507 2011-08-08T17:21:38.630 4.61247 -4.61247 2.16448 2.17946
run_072 290 76 70.0000 0.7-1 50.0000 12.5200 33.4825 475 137 0.353158 2011-08-16T05:02 47 858 0.392105 2011-08-18T01:22:07.895 1.97895 -1.96763 1.01788 1.02465
run_072 300 76 60.0000 0.7-1 50.0000 12.8700 34.3700 475 137 0.192632 2011-08-16T05:02 48 921 0.321053 2011-08-17T21:08:03.158 6.20263 -6.20263 0.520906 0.524367
run_072 310 75 50.0000 0.7-1 50.0000 12.4667 34.7700 477 136 0.109733 2011-08-16T05:02 48 977 0.290667 2011-08-17T17:21:49.600 9.97454 -9.97454 0.534034 0.537631
run_072 320 61 40.0000 0.7-1 50.0000 10.9674 34.1600 487 141 0.0880328 2011-08-16T05:02 45 1041 0.200000 2011-08-17T14:48:34.426 12.5338 -12.5338 0.547148 0.551689
run_072 330 44 30.0000 0.7-1 50.0000 10.3000 32.5200 497 141 0.0836364 2011-08-16T03:45 47 1110 0.200000 2011-08-17T12:35:54.545 14.7450 -14.7450 0.335271 0.339147
run_072 340 57 20.0000 0.7-1 50.0000 9.52000 30.6867 475 138 0.0731579 2011-08-16T03:45 48 1183 0.119298 2011-08-17T10:35:31.579 16.7504 -16.7504 0.181320 0.182932
run_072 350 57 10.0000 0.7-1 50.0000 8.52000 27.2500 475 138 0.0698245 2011-08-16T03:45 49 1275 0.0999999 2011-08-17T08:26:24.211 18.9037 -18.9037 0.499535 0.503976
run_068 310 35 50.0000 0.7-1 50.0000 11.7480 33.9400 536 72 0.271429 2011-08-29T18:20 46 689 0.382857 2011-08-31T18:03:01.714 8.47286 -8.47286 0.641648 0.651015
run_068 320 55 40.0000 0.7-1 50.0000 11.3929 33.7000 445 111 0.289455 2011-08-29T18:20 47 713 0.410909 2011-08-31T19:05:29.455 7.43091 -7.43091 0.822000 0.829576
run_068 330 59 30.0000 0.7-1 50.0000 10.3546 32.2086 458 118 0.334407 2011-08-29T17:02 46 742 0.591526 2011-08-31T17:26:52.881 9.07390 -9.07390 0.678443 0.684267
run_068 340 69 20.0000 0.7-1 50.0000 9.40145 30.3210 453 125 0.343478 2011-08-29T17:02 46 793 0.634783 2011-08-31T15:39:19.130 10.8680 -10.8680 1.32495 1.33465
run_068 350 66 10.0000 0.7-1 50.0000 8.44939 27.2195 492 137 0.312121 2011-08-29T17:02 47 869 0.365151 2011-08-31T11:36:09.091 14.9212 -14.9212 1.09196 1.10032
run_033 320 52 40.0000 0.7-1 50.0000 11.4263 33.4277 475 113 0.306923 2011-09-05T18:20 47 715 0.300000 2011-09-07T17:44:09.231 6.06962 -6.06962 0.735038 0.742209
run_033 330 60 30.0000 0.7-1 50.0000 10.3843 32.3438 465 122 0.300667 2011-09-05T17:02 46 756 0.705000 2011-09-07T16:01:51.000 7.77434 -7.77434 0.628544 0.633849
run_033 340 35 20.0000 0.7-1 50.0000 8.87000 29.3800 492 130 0.203429 2011-09-05T15:45 46 847 0.302857 2011-09-07T10:04:42.857 13.7317 -13.7317 0.379198 0.384734
run_036 300 38 60.0000 0.7-1 50.0000 12.4500 33.9700 531 69 0.233684 2011-10-01T18:19 47 680 0.352632 2011-10-03T17:42:20.526 8.49789 -8.49789 0.143034 0.144954
run_036 310 46 50.0000 0.7-1 50.0000 11.9239 34.2200 483 102 0.307609 2011-10-01T18:19 46 694 0.382609 2011-10-03T18:17:39.130 7.91152 -7.91152 0.730821 0.738897
run_036 320 49 40.0000 0.7-1 50.0000 11.4778 34.0400 476 115 0.262653 2011-10-01T18:19 47 704 0.502041 2011-10-03T17:41:39.184 8.51143 -8.51143 0.871244 0.880272
run_036 330 62 30.0000 0.7-1 50.0000 10.4577 32.8384 443 113 0.348710 2011-10-01T17:02 46 741 0.537097 2011-10-03T17:48:25.161 8.40065 -8.40065 0.784094 0.790494
run_036 340 66 20.0000 0.7-1 50.0000 9.48697 30.6353 443 120 0.371212 2011-10-01T17:02 46 790 0.533333 2011-10-03T16:20:03.636 9.87379 -9.87379 1.44148 1.45253
run_036 350 72 10.0000 0.7-1 50.0000 8.57958 27.9799 462 131 0.372778 2011-10-01T17:02 47 842 0.556945 2011-10-03T13:27:34.167 12.7488 -12.7488 1.91697 1.93042
run_070 280 15 80.0000 0.7-1 50.0000 12.5500 34.2000 600 66 0.225333 2011-11-09T21:02 46 751 0.100000 2011-11-11T16:39:20.000 5.26733 -5.26733 0.782683 0.810154
run_070 290 16 70.0000 0.7-1 50.0000 12.5600 34.5200 610 61 0.151250 2011-11-09T21:02 46 765 0.256250 2011-11-11T15:21:22.500 6.56625 -6.56625 0.292465 0.302057
run_070 320 13 40.0000 0.7-1 50.0000 11.5000 33.8700 588 82 0.220769 2011-11-09T21:02 47 735 0.200000 2011-11-11T16:51:13.846 5.07077 -5.07077 0.274520 0.285729
run_070 330 60 30.0000 0.7-1 50.0000 10.6058 33.0692 468 125 0.328833 2011-11-09T21:02 46 754 0.376666 2011-11-11T19:02:01.000 2.89150 -2.89150 0.685023 0.690804
run_070 340 64 20.0000 0.7-1 50.0000 9.58250 31.1264 460 119 0.331094 2011-11-09T21:02 46 790 0.445312 2011-11-11T18:23:45.000 3.53141 -3.53141 0.968155 0.975809
run_070 350 72 10.0000 0.7-1 50.0000 8.68417 28.4783 462 131 0.374028 2011-11-09T21:02 47 845 0.566667 2011-11-11T16:44:14.167 5.18931 -5.18931 1.94432 1.95797
run_082 270 24 90.0000 0.7-1 50.0000 13.7200 33.6683 511 145 0.0933333 2011-12-01T05:02 50 968 0.200000 2011-12-02T15:32:25.000 1.91625 -1.91625 0.870798 0.889527
run_082 280 4 80.0000 0.7-1 50.0000 13.9700 34.5400 662 32 0.0675000 2011-12-01T05:02 51 1003 0.200000 2011-12-02T12:52:00.000 4.59000 -4.59000 0.00000 0.00000
run_082 320 4 40.0000 0.7-1 50.0000 10.9100 34.8700 662 32 0.0525000 2011-12-01T03:45 45 962 0.700000 2011-12-02T13:35:00.000 3.88000 -3.88000 0.00000 0.00000
run_082 330 43 30.0000 0.7-1 50.0000 10.5430 32.9400 495 142 0.112791 2011-12-01T05:02 47 1003 0.104651 2011-12-02T15:00:55.814 2.44721 -2.44721 0.393040 0.397692
run_082 340 38 20.0000 0.7-1 50.0000 9.49000 31.0250 475 138 0.0763158 2011-12-01T03:45 48 1039 0.100000 2011-12-02T12:48:56.842 4.64816 -4.64816 0.133886 0.135684
run_082 350 47 10.0000 0.7-1 50.0000 8.46000 28.1270 498 137 0.0995745 2011-12-01T03:45 48 1074 0.157447 2011-12-02T12:31:35.745 4.93660 -4.93660 0.454211 0.459121
run_095 270 63 90.0000 0.7-1 50.0000 12.2200 32.5392 471 126 0.362381 2012-02-23T01:02 45 761 0.219048 2012-02-24T23:34:41.905 5.77143 5.77143 2.09188 2.10868
run_095 280 72 80.0000 0.7-1 50.0000 12.8200 33.7500 462 131 0.338056 2012-02-23T01:02 47 820 0.258333 2012-02-24T21:23:48.333 3.59042 3.59042 1.39886 1.40867
run_095 290 76 70.0000 0.7-1 50.0000 13.1100 34.7800 475 137 0.229211 2012-02-23T01:02 48 853 0.238158 2012-02-24T18:08:34.737 0.556053 0.336315 0.633254 0.637461
run_095 300 41 60.0000 0.7-1 50.0000 13.0300 34.8900 583 75 0.142195 2012-02-23T01:02 48 873 0.221951 2012-02-24T15:04:40.976 2.72878 -2.72878 0.183611 0.185892
run_095 310 35 50.0000 0.7-1 50.0000 12.7800 35.7000 585 90 0.113714 2012-02-23T01:02 49 885 0.100000 2012-02-24T14:10:00.000 3.64086 -3.64086 0.577444 0.585875
run_095 320 63 40.0000 0.7-1 50.0000 11.5227 34.4100 490 140 0.131587 2012-02-23T01:02 46 947 0.131746 2012-02-24T13:30:57.143 4.29508 -4.29508 0.598941 0.603751
run_095 330 51 30.0000 0.7-1 50.0000 10.7306 33.1551 508 138 0.114510 2012-02-23T01:02 47 994 0.131372 2012-02-24T11:30:07.059 6.30882 -6.30882 0.449482 0.453954
run_095 340 39 20.0000 0.7-1 50.0000 9.47949 30.6523 480 141 0.0774359 2012-02-23T01:02 47 1030 0.151282 2012-02-24T09:15:41.538 8.55205 -8.55205 0.163522 0.165659
run_095 350 57 10.0000 0.7-1 50.0000 8.44000 27.8700 475 138 0.135088 2012-02-22T23:45 47 1067 0.482456 2012-02-24T10:20:47.368 7.46631 -7.46631 0.658866 0.664722
run_081 270 66 90.0000 0.7-1 50.0000 13.0000 32.5243 492 137 0.183485 2012-03-15T13:02 48 891 0.239394 2012-03-17T04:31:41.818 7.20455 7.20455 1.84689 1.86104
run_081 280 54 80.0000 0.7-1 50.0000 13.5200 33.4500 511 135 0.122222 2012-03-15T13:02 50 941 0.211111 2012-03-17T01:33:40.000 4.23815 4.23815 1.06423 1.07422
run_081 290 26 70.0000 0.7-1 50.0000 13.7300 33.9500 623 62 0.0784615 2012-03-15T13:02 50 981 0.192308 2012-03-16T22:25:04.615 1.09423 1.09423 0.496032 0.505855
run_074 300 71 60.0000 0.7-1 50.0000 12.1400 34.6600 459 129 0.286901 2012-03-23T21:02 45 766 0.857746 2012-03-25T18:56:05.070 7.82169 -7.82169 0.513546 0.517201
run_074 310 71 50.0000 0.7-1 50.0000 12.2800 34.8700 487 133 0.189014 2012-03-23T21:02 47 862 0.836619 2012-03-25T13:48:28.732 12.9483 -12.9483 0.675171 0.679977
run_074 320 76 40.0000 0.7-1 50.0000 11.8750 33.7900 475 137 0.145000 2012-03-23T21:02 48 960 0.500000 2012-03-25T10:10:46.579 16.5779 -16.5779 0.716022 0.720780
run_074 330 69 30.0000 0.7-1 50.0000 11.0217 33.1300 490 134 0.117971 2012-03-23T21:02 48 1041 0.356522 2012-03-25T07:02:46.957 19.7125 -19.7125 0.345490 0.348021
run_074 340 60 20.0000 0.7-1 50.0000 9.65551 30.6155 485 141 0.108000 2012-03-23T21:02 47 1132 0.113333 2012-03-25T04:29:51.000 22.2622 -22.2622 0.307940 0.310539
run_074 350 57 10.0000 0.7-1 50.0000 8.57999 27.8200 475 138 0.0973684 2012-03-23T19:45 49 1210 0.0999999 2012-03-25T02:19:02.105 24.4430 -24.4430 0.590355 0.595603
run_041 310 39 50.0000 0.7-1 50.0000 11.9208 34.4100 525 77 0.297692 2012-04-07T06:19 46 694 0.376923 2012-04-09T05:33:06.154 7.48743 -7.48743 0.617234 0.625303
run_041 320 58 40.0000 0.7-1 50.0000 11.3900 33.7171 465 118 0.306207 2012-04-07T05:02 46 741 0.693104 2012-04-09T04:28:53.793 8.55793 -8.55793 0.770930 0.777664
run_041 330 65 30.0000 0.7-1 50.0000 10.5971 32.5749 488 136 0.292462 2012-04-07T05:02 46 802 0.589231 2012-04-09T00:42:52.615 12.3258 -12.3258 0.619101 0.623919
run_041 340 49 20.0000 0.7-1 50.0000 9.32184 29.9822 497 134 0.185306 2012-04-07T05:02 46 881 0.395918 2012-04-08T20:40:02.449 16.3755 -16.3755 0.505771 0.511012
run_041 350 7 10.0000 0.7-1 50.0000 8.15000 26.3200 625 54 0.0871428 2012-04-07T03:45 50 1009 0.800000 2012-04-08T13:02:08.571 24.0086 -24.0086 0.0767982 0.0829515
run_050 280 23 80.0000 0.7-1 50.0000 12.4500 33.2300 575 89 0.224348 2012-04-21T13:02 46 767 0.100000 2012-04-23T09:04:10.435 8.48609 -8.48609 0.867068 0.886555
run_050 290 25 70.0000 0.7-1 50.0000 12.4400 34.3900 607 63 0.160800 2012-04-21T13:02 46 779 0.136000 2012-04-23T07:40:48.000 9.87800 -9.87800 0.381051 0.388909
run_050 320 21 40.0000 0.7-1 50.0000 11.2300 33.8400 528 81 0.329524 2012-04-21T13:02 47 718 0.200000 2012-04-23T12:07:14.286 5.43619 -5.43619 0.362721 0.371678
run_050 330 61 30.0000 0.7-1 50.0000 10.4326 32.3670 445 112 0.329836 2012-04-21T13:02 46 744 0.549180 2012-04-23T13:49:50.164 3.72705 -3.72705 0.770413 0.776806
run_050 340 63 20.0000 0.7-1 50.0000 9.39444 30.4483 471 124 0.354127 2012-04-21T13:02 46 792 0.590476 2012-04-23T10:54:56.190 6.64302 -6.64302 1.01067 1.01878
run_050 350 56 10.0000 0.7-1 50.0000 8.35679 26.7154 492 127 0.254107 2012-04-21T13:02 47 867 0.591071 2012-04-23T06:32:47.143 11.0129 -11.0129 1.46254 1.47578
run_011 270 9 90.0000 0.7-1 50.0000 12.4200 32.7200 600 68 0.278889 2012-04-23T05:02 46 776 0.300000 2012-04-25T00:27:33.333 7.68222 -7.68222 0.112129 0.118930
run_011 280 4 80.0000 0.7-1 50.0000 12.4300 34.0500 662 32 0.0400000 2012-04-23T05:02 46 783 0.400000 2012-04-24T22:42:00.000 9.44000 -9.44000 0.00000 0.00000
run_011 300 4 60.0000 0.7-1 50.0000 12.1000 34.2500 662 32 0.0650000 2012-04-23T05:02 46 747 0.400000 2012-04-25T00:32:00.000 7.61000 -7.61000 0.00000 0.00000
run_011 310 70 50.0000 0.7-1 50.0000 12.1200 34.1500 456 127 0.342429 2012-04-23T05:02 47 798 0.155714 2012-04-25T03:15:34.286 4.88043 -4.88043 0.978377 0.985441
run_011 320 74 40.0000 0.7-1 50.0000 11.7900 33.8860 468 134 0.330000 2012-04-23T05:02 48 823 0.263514 2012-04-25T01:21:19.459 6.78459 -6.78459 0.920398 0.926681
run_011 330 65 30.0000 0.7-1 50.0000 10.6824 32.6945 491 138 0.253692 2012-04-23T05:02 47 835 0.372308 2012-04-24T23:25:57.231 8.70846 -8.70846 0.538394 0.542584
run_011 340 19 20.0000 0.7-1 50.0000 8.89000 29.8395 585 83 0.149474 2012-04-23T03:45 46 831 0.347368 2012-04-24T20:42:22.105 11.4379 -11.4379 0.221397 0.227464
run_011 350 68 10.0000 0.7-1 50.0000 8.47970 27.3803 487 133 0.368088 2012-04-23T05:02 47 848 0.348529 2012-04-25T00:32:12.353 7.60486 -7.60486 1.33660 1.34653
run_005 300 2 60.0000 0.7-1 50.0000 12.3900 34.1300 700 0 1.70000 2012-04-29T02:19 47 682 0.350000 2012-05-01T00:50:30.000 8.99500 -8.99500 0.0250001 0.0353555
run_005 310 35 50.0000 0.7-1 50.0000 11.8100 34.2200 541 75 0.305714 2012-04-29T02:19 46 693 0.371429 2012-05-01T01:43:06.857 8.12029 -8.12029 0.653857 0.663403
run_005 320 50 40.0000 0.7-1 50.0000 11.4250 33.9600 469 110 0.294200 2012-04-29T02:19 47 712 0.506000 2012-05-01T02:14:03.600 7.60420 -7.60420 0.764346 0.772106
run_005 330 60 30.0000 0.7-1 50.0000 10.4115 32.0033 468 125 0.267167 2012-04-29T01:02 46 762 0.736667 2012-04-30T23:23:11.000 10.4547 -10.4547 0.548363 0.552990
run_005 340 55 20.0000 0.7-1 50.0000 9.27019 29.9446 515 134 0.209818 2012-04-29T01:02 46 832 0.616364 2012-04-30T18:53:09.818 14.9558 -14.9558 0.677006 0.683246
run_005 350 45 10.0000 0.7-1 50.0000 8.21355 26.2231 498 140 0.137556 2012-04-29T01:02 48 931 0.404444 2012-04-30T14:27:25.333 19.3856 -19.3856 0.739578 0.747935
run_044 310 36 50.0000 0.7-1 50.0000 11.7833 33.7600 520 75 0.262778 2012-05-02T02:19 46 684 0.400000 2012-05-04T02:42:26.667 8.08139 -8.08139 0.688719 0.698489
run_044 320 58 40.0000 0.7-1 50.0000 11.4365 33.5600 447 114 0.315000 2012-05-02T02:19 47 708 0.489655 2012-05-04T03:17:04.138 7.50431 -7.50431 0.890616 0.898395
run_044 330 64 30.0000 0.7-1 50.0000 10.4250 32.5700 437 116 0.365625 2012-05-02T01:02 46 745 0.548438 2012-05-04T02:32:07.500 8.25531 -8.25531 0.881678 0.888648
run_044 340 68 20.0000 0.7-1 50.0000 9.42500 30.6225 450 123 0.314118 2012-05-02T01:02 46 782 0.613236 2012-05-03T23:47:19.412 11.0031 -11.0031 1.15307 1.16164
run_044 350 30 10.0000 0.7-1 50.0000 7.97000 25.5397 511 130 0.163667 2012-05-01T23:45 47 904 0.623334 2012-05-03T15:18:20.000 19.4870 -19.4870 0.317019 0.322438
run_000 280 2 80.0000 0.7-1 50.0000 11.9200 33.0550 700 0 1.00000 2012-08-02T09:02 45 700 0.650000 2012-08-04T08:17:00.000 9.05500 -9.05500 0.0850000 0.120208
run_000 310 24 50.0000 0.7-1 50.0000 11.4600 34.1300 550 65 0.282083 2012-08-02T09:02 45 693 0.262500 2012-08-04T09:50:45.000 7.49125 -7.49125 0.475774 0.486007
run_000 320 61 40.0000 0.7-1 50.0000 11.2200 33.0879 455 116 0.318852 2012-08-02T09:02 46 740 0.601639 2012-08-04T09:53:58.033 7.43705 -7.43705 0.835590 0.842525
run_000 330 64 30.0000 0.7-1 50.0000 10.4328 32.1594 482 131 0.329219 2012-08-02T09:02 46 788 0.625000 2012-08-04T06:36:26.250 10.7309 -10.7309 0.622906 0.627830
run_000 340 76 20.0000 0.7-1 50.0000 9.50000 30.1175 475 137 0.315789 2012-08-02T09:02 46 846 0.452631 2012-08-04T04:41:47.368 12.6436 -12.6436 1.11796 1.12539
run_000 350 76 10.0000 0.7-1 50.0000 8.61000 27.6200 475 137 0.315132 2012-08-02T09:02 48 911 0.342105 2012-08-04T03:17:18.947 14.0515 -14.0515 1.83722 1.84943
run_009 280 68 80.0000 0.7-1 50.0000 12.3700 32.9900 487 133 0.275588 2012-08-12T13:02 46 802 0.275000 2012-08-14T09:40:40.588 1.95838 1.95779 1.25506 1.26439
run_009 290 65 70.0000 0.7-1 50.0000 12.7300 34.1700 502 128 0.164308 2012-08-12T13:02 48 851 0.273846 2012-08-14T06:18:27.692 1.41231 -1.41231 0.545109 0.549351
run_009 300 50 60.0000 0.7-1 50.0000 12.8400 34.6600 555 92 0.122600 2012-08-12T13:02 48 897 0.222000 2012-08-14T03:25:48.000 4.29020 -4.29020 0.223504 0.225773
run_009 310 35 50.0000 0.7-1 50.0000 12.7200 34.2800 585 90 0.0922857 2012-08-12T13:02 50 935 0.160000 2012-08-14T01:15:08.571 6.46600 -6.46600 0.574770 0.583162
run_009 320 15 40.0000 0.7-1 50.0000 10.6400 32.8800 598 82 0.0873333 2012-08-12T11:45 45 971 0.100000 2012-08-13T23:41:00.000 8.04533 -8.04533 0.271952 0.281498
run_009 330 4 30.0000 0.7-1 50.0000 9.94000 32.3800 662 32 0.0300000 2012-08-12T11:45 47 984 0.200000 2012-08-13T21:35:00.000 10.1400 -10.1400 0.00000 0.00000
run_009 340 16 20.0000 0.7-1 50.0000 9.13000 28.9600 587 90 0.0743750 2012-08-12T11:45 47 1006 0.225000 2012-08-13T22:05:00.000 9.64312 -9.64312 0.143646 0.148356
run_009 350 3 10.0000 0.7-1 50.0000 8.12000 26.4000 675 25 0.0700000 2012-08-12T11:45 50 1067 0.400000 2012-08-13T19:15:00.000 12.4800 -12.4800 0.00000 0.00000
run_024 300 7 60.0000 0.7-1 50.0000 12.5786 33.8100 646 48 0.417143 2012-08-18T22:20 48 680 0.371429 2012-08-20T21:30:34.286 8.20429 -8.20429 0.128492 0.138787
run_024 310 62 50.0000 0.7-1 50.0000 11.8955 34.0300 431 112 0.315484 2012-08-18T22:20 46 720 0.419355 2012-08-20T23:42:07.742 6.00452 -6.00452 0.785922 0.792338
run_024 320 65 40.0000 0.7-1 50.0000 11.3700 33.3400 440 118 0.333692 2012-08-18T21:02 46 757 0.413846 2012-08-20T21:52:00.000 7.83708 -7.83708 1.04167 1.04978
run_024 330 65 30.0000 0.7-1 50.0000 10.5179 32.2240 468 123 0.318923 2012-08-18T21:02 46 786 0.436923 2012-08-20T19:16:19.385 10.4331 -10.4331 0.723479 0.729109
run_024 340 67 20.0000 0.7-1 50.0000 9.40178 30.1163 479 129 0.315522 2012-08-18T21:02 46 821 0.274627 2012-08-20T17:29:37.612 12.2133 -12.2133 0.950634 0.957809
run_024 350 66 10.0000 0.7-1 50.0000 8.45940 27.3626 492 137 0.306364 2012-08-18T21:02 47 876 0.262121 2012-08-20T15:33:34.545 14.1476 -14.1476 1.11153 1.12005
run_048 310 42 50.0000 0.7-1 50.0000 11.9624 34.5700 521 87 0.292381 2012-09-26T18:19 46 700 0.373809 2012-09-28T17:14:37.143 7.91167 -7.91167 0.690314 0.698681
run_048 320 51 40.0000 0.7-1 50.0000 11.5124 33.9265 472 111 0.293725 2012-09-26T18:19 47 715 0.390196 2012-09-28T17:28:55.294 7.67353 -7.67353 0.692103 0.698990
run_048 330 55 30.0000 0.7-1 50.0000 10.7400 32.4664 465 116 0.341455 2012-09-26T17:02 47 734 0.432727 2012-09-28T17:00:54.545 8.14145 -8.14145 0.673497 0.679704
run_048 340 66 20.0000 0.7-1 50.0000 9.44728 30.7749 443 120 0.356212 2012-09-26T17:02 46 779 0.622727 2012-09-28T16:26:07.273 8.72318 -8.72318 1.27852 1.28832
run_048 350 72 10.0000 0.7-1 50.0000 8.54959 27.7907 462 131 0.376667 2012-09-26T17:02 47 838 0.613889 2012-09-28T13:40:04.167 11.4906 -11.4906 2.02746 2.04169
run_064 270 35 90.0000 0.7-1 50.0000 12.9600 32.6600 535 130 0.138857 2012-10-05T21:02 48 886 0.0314286 2012-10-07T11:45:42.857 15.2623 -15.2623 1.46369 1.48506
run_064 280 18 80.0000 0.7-1 50.0000 12.7000 33.5300 594 75 0.109444 2012-10-05T21:02 47 880 0.0611111 2012-10-07T11:12:00.000 15.8244 -15.8244 0.672848 0.692355
run_064 320 57 40.0000 0.7-1 50.0000 11.3900 33.8546 455 117 0.316316 2012-10-05T21:02 46 731 0.542105 2012-10-07T21:17:47.368 5.72684 -5.72684 0.766295 0.773106
run_064 330 61 30.0000 0.7-1 50.0000 10.5661 32.6664 468 123 0.309180 2012-10-05T21:02 46 773 0.552459 2012-10-07T18:54:28.525 8.11639 -8.11639 0.636667 0.641950
run_064 340 74 20.0000 0.7-1 50.0000 9.59324 30.7789 468 134 0.339730 2012-10-05T21:02 46 825 0.467568 2012-10-07T16:54:21.081 10.1193 -10.1193 1.18637 1.19447
run_064 350 76 10.0000 0.7-1 50.0000 8.69499 27.9925 475 137 0.314737 2012-10-05T21:02 47 882 0.432895 2012-10-07T14:54:01.579 12.1247 -12.1247 1.66345 1.67450
run_063 280 32 80.0000 0.7-1 50.0000 12.6300 33.7400 556 102 0.230000 2012-11-04T21:02 46 769 0.100000 2012-11-06T16:17:37.500 10.7303 -10.7303 1.07521 1.09242
run_063 290 27 70.0000 0.7-1 50.0000 12.4400 34.4100 607 65 0.188148 2012-11-04T21:02 46 769 0.129630 2012-11-06T15:30:31.111 11.5144 -11.5144 0.429783 0.437970
run_063 320 55 40.0000 0.7-1 50.0000 11.4400 34.5800 449 114 0.298364 2012-11-04T21:02 46 716 0.476364 2012-11-06T21:37:27.273 5.39964 -5.39964 0.895569 0.903823
run_063 330 56 30.0000 0.7-1 50.0000 10.5414 33.0528 462 117 0.313750 2012-11-04T21:02 46 741 0.510714 2012-11-06T20:00:32.143 7.01661 -7.01661 0.645455 0.651296
run_063 340 65 20.0000 0.7-1 50.0000 9.52538 31.0529 473 125 0.351231 2012-11-04T21:02 46 792 0.710769 2012-11-06T17:41:30.462 9.33539 -9.33539 1.05286 1.06105
run_063 350 76 10.0000 0.7-1 50.0000 8.70500 28.1850 475 137 0.267763 2012-11-04T21:02 47 853 0.665790 2012-11-06T14:20:52.105 12.6786 -12.6786 1.81109 1.82313
run_053 320 2 40.0000 0.7-1 50.0000 11.5800 35.6100 687 17 1.04000 2012-11-10T05:02 48 750 1.00000 2012-11-11T23:52:00.000 8.79000 -8.79000 0.00000 0.00000
run_053 330 60 30.0000 0.7-1 50.0000 10.6713 33.0347 457 117 0.321333 2012-11-10T05:02 46 762 0.433333 2012-11-12T03:30:18.000 5.15350 -5.15350 0.721272 0.727358
run_053 340 59 20.0000 0.7-1 50.0000 9.47390 30.8288 491 123 0.352881 2012-11-10T05:02 46 789 0.428813 2012-11-12T01:17:03.051 7.37644 -7.37644 0.785769 0.792514
run_053 350 73 10.0000 0.7-1 50.0000 8.67178 28.6473 466 133 0.312603 2012-11-10T05:02 47 843 0.758904 2012-11-11T23:44:39.452 8.91575 -8.91575 1.82743 1.84008
run_018 270 8 90.0000 0.7-1 50.0000 12.8400 33.5600 612 61 0.112500 2013-02-17T09:02 47 826 0.200000 2013-02-19T00:22:00.000 10.3600 -10.3600 0.00000 0.00000
run_018 320 12 40.0000 0.7-1 50.0000 11.4800 35.1300 600 74 0.302500 2013-02-17T09:02 47 724 0.100000 2013-02-19T05:24:30.000 5.31500 -5.31500 0.329608 0.344265
run_018 330 54 30.0000 0.7-1 50.0000 10.5656 33.4363 468 114 0.287407 2013-02-17T09:02 46 743 0.435185 2013-02-19T07:32:08.889 3.18944 -3.18944 0.626762 0.632648
run_018 340 65 20.0000 0.7-1 50.0000 9.57538 30.9508 477 127 0.338923 2013-02-17T09:02 46 795 0.680000 2013-02-19T05:06:16.615 5.62231 -5.62231 0.916538 0.923671
run_018 350 67 10.0000 0.7-1 50.0000 8.66209 27.9154 491 136 0.251642 2013-02-17T09:02 47 869 0.559702 2013-02-19T01:20:34.030 9.38388 -9.38388 1.37245 1.38281
run_046 270 25 90.0000 0.7-1 50.0000 13.2400 33.4172 514 142 0.0940000 2013-03-29T13:02 49 914 0.200000 2013-03-31T02:01:12.000 5.51240 5.51240 0.970580 0.990595
run_046 280 5 80.0000 0.7-1 50.0000 13.5200 34.4600 650 39 0.0860000 2013-03-29T13:02 50 949 0.200000 2013-03-30T23:32:00.000 3.03000 3.03000 0.00000 0.00000
run_046 330 34 30.0000 0.7-1 50.0000 10.4241 33.1800 533 132 0.0876471 2013-03-29T13:02 47 1008 0.200000 2013-03-30T22:25:26.471 1.91441 1.91441 0.297887 0.302366
run_046 340 70 20.0000 0.7-1 50.0000 9.78643 30.9017 488 134 0.122286 2013-03-29T13:02 47 1080 0.224286 2013-03-30T22:18:35.143 1.80000 1.80000 0.433105 0.436232
run_046 350 76 10.0000 0.7-1 50.0000 8.91000 28.3425 475 137 0.142105 2013-03-29T13:02 49 1146 0.142105 2013-03-30T21:39:38.684 1.32316 1.15158 1.02152 1.02831
run_065 300 76 60.0000 0.7-1 50.0000 13.2800 34.6200 475 137 0.110921 2013-04-18T21:02 50 957 0.250000 2013-04-20T09:36:28.421 5.79855 -5.79855 0.263163 0.264911
run_065 310 37 50.0000 0.7-1 50.0000 11.7754 34.3300 549 132 0.0702703 2013-04-18T21:02 46 997 0.213513 2013-04-20T06:41:17.838 8.72162 -8.72162 0.556080 0.563750
run_065 320 8 40.0000 0.7-1 50.0000 10.9100 33.3825 650 46 0.0737500 2013-04-18T19:45 45 1028 0.100000 2013-04-20T04:55:00.000 10.4950 -10.4950 0.204145 0.218240
run_065 330 4 30.0000 0.7-1 50.0000 10.2400 32.3400 662 32 0.0675000 2013-04-18T19:45 48 1057 0.100000 2013-04-20T03:45:00.000 11.6600 -11.6600 0.00000 0.00000
run_065 340 3 20.0000 0.7-1 50.0000 9.35000 30.7600 675 25 0.0700000 2013-04-18T19:45 49 1081 0.100000 2013-04-20T02:45:00.000 12.6600 -12.6600 0.00000 0.00000
run_065 350 4 10.0000 0.7-1 50.0000 8.26000 25.5400 662 32 0.0675000 2013-04-18T19:45 50 1095 0.100000 2013-04-20T02:15:00.000 13.1600 -13.1600 0.00000 0.00000
run_058 270 49 90.0000 0.7-1 50.0000 13.1300 31.8253 519 137 0.114082 2013-06-25T17:02 49 941 0.200000 2013-06-27T06:25:52.653 14.1553 -14.1553 1.61778 1.63455
run_058 280 51 80.0000 0.7-1 50.0000 13.3200 33.3600 511 138 0.108824 2013-06-25T17:02 50 964 0.294118 2013-06-27T05:38:40.000 14.9424 -14.9424 1.03731 1.04763
run_058 290 29 70.0000 0.7-1 50.0000 13.1300 34.3700 593 95 0.0858621 2013-06-25T17:02 49 971 0.372414 2013-06-27T04:19:14.483 16.2669 -16.2669 0.466247 0.474500
run_090 290 6 70.0000 0.7-1 50.0000 12.0300 33.6800 637 46 0.208333 2013-07-26T09:02 45 728 0.400000 2013-07-28T06:42:00.000 3.49000 -3.49000 0.00000 0.00000
run_090 300 37 60.0000 0.7-1 50.0000 12.0300 33.4000 594 70 0.190270 2013-07-26T09:02 46 751 0.218919 2013-07-28T05:35:47.027 4.59081 -4.59081 0.246909 0.250315
run_090 310 54 50.0000 0.7-1 50.0000 11.9400 34.3100 523 120 0.234630 2013-07-26T09:02 47 787 0.216667 2013-07-28T05:08:40.000 5.04204 -5.04204 0.727083 0.733910
run_090 320 43 40.0000 0.7-1 50.0000 11.5800 33.1900 518 125 0.219070 2013-07-26T09:02 48 816 0.200000 2013-07-28T03:41:18.140 6.49837 -6.49837 0.608742 0.615947
run_090 330 28 30.0000 0.7-1 50.0000 10.0475 31.0900 515 134 0.129286 2013-07-26T09:02 46 843 0.300000 2013-07-28T01:30:06.429 8.68893 -8.68893 0.402158 0.409538
run_078 290 33 70.0000 0.7-1 50.0000 11.9800 33.5982 567 68 0.233636 2013-08-03T13:02 45 717 0.684849 2013-08-05T12:21:23.636 3.14667 -3.14667 0.681410 0.691975
run_078 300 69 60.0000 0.7-1 50.0000 12.2600 33.7100 453 125 0.379275 2013-08-03T13:02 46 816 0.237681 2013-08-05T12:24:10.435 3.10044 -3.10044 1.05050 1.05820
run_078 310 74 50.0000 0.7-1 50.0000 12.3000 33.7600 468 134 0.363649 2013-08-03T13:02 48 857 0.185135 2013-08-05T09:43:37.297 5.77635 -5.77635 1.12768 1.13538
run_078 320 76 40.0000 0.7-1 50.0000 11.5975 33.1825 475 137 0.290526 2013-08-03T13:02 48 888 0.156579 2013-08-05T07:36:02.368 7.90421 -7.90421 0.933322 0.939524
run_078 330 76 30.0000 0.7-1 50.0000 10.5250 32.6975 475 137 0.211316 2013-08-03T13:02 46 900 0.161842 2013-08-05T06:01:07.895 9.48790 -9.48790 0.600527 0.604517
run_094 330 59 30.0000 0.7-1 50.0000 10.5956 33.0224 495 126 0.279661 2013-11-05T05:02 46 769 0.789831 2013-11-07T01:12:14.237 9.75458 -9.75458 0.459009 0.462949
run_094 340 34 20.0000 0.7-1 50.0000 9.24676 30.4135 533 132 0.139412 2013-11-05T05:02 46 858 0.576471 2013-11-06T19:36:01.765 15.3623 -15.3623 0.258332 0.262217
run_094 350 26 10.0000 0.7-1 50.0000 8.19000 27.1023 515 139 0.0869231 2013-11-05T03:45 48 968 0.426923 2013-11-06T14:36:32.308 20.3550 -20.3550 0.447577 0.456441
run_026 290 9 70.0000 0.7-1 50.0000 13.5100 34.9500 550 68 0.177778 2013-11-30T10:19 49 698 0.400000 2013-12-02T07:31:13.333 5.11444 -5.11444 0.0665185 0.0705535
run_026 300 50 60.0000 0.7-1 50.0000 12.5452 35.5100 488 101 0.314800 2013-11-30T10:19 46 720 0.278000 2013-12-02T08:16:26.400 4.36500 -4.36500 0.582986 0.588905
run_026 310 66 50.0000 0.7-1 50.0000 12.1800 35.1500 443 120 0.345606 2013-11-30T09:02 46 769 0.375757 2013-12-02T07:47:27.273 4.84924 -4.84924 0.950254 0.957536
run_026 320 66 40.0000 0.7-1 50.0000 11.9200 34.7600 476 127 0.305454 2013-11-30T09:02 47 800 0.316667 2013-12-02T04:42:54.545 7.92469 -7.92469 0.882018 0.888776
run_026 330 54 30.0000 0.7-1 50.0000 10.8144 33.4900 508 135 0.221111 2013-11-30T09:02 47 832 0.250000 2013-12-02T01:43:58.889 10.9091 -10.9091 0.488051 0.492634
run_026 340 76 20.0000 0.7-1 50.0000 9.95001 31.4575 475 137 0.296447 2013-11-30T09:02 47 896 0.153947 2013-12-02T01:44:41.053 10.8988 -10.8988 0.923111 0.929245
run_026 350 76 10.0000 0.7-1 50.0000 8.99500 28.5425 475 137 0.270395 2013-11-30T09:02 48 947 0.240790 2013-12-02T00:13:45.789 12.4139 -12.4139 1.40028 1.40959
run_099 270 27 90.0000 0.7-1 50.0000 12.5800 33.5800 508 132 0.231852 2013-12-04T09:02 46 767 0.248148 2013-12-06T04:39:46.667 9.59333 -9.59333 1.23401 1.25752
run_099 280 9 80.0000 0.7-1 50.0000 12.4000 33.7200 600 68 0.261111 2013-12-04T09:02 45 765 0.300000 2013-12-06T03:49:46.667 10.4278 -10.4278 0.0706758 0.0749630
run_099 310 53 50.0000 0.7-1 50.0000 11.9700 35.6200 471 114 0.305849 2013-12-04T09:02 46 717 0.398113 2013-12-06T08:19:32.830 5.93094 -5.93094 0.750226 0.757405
run_099 320 48 40.0000 0.7-1 50.0000 11.5800 34.3600 488 126 0.285417 2013-12-04T09:02 46 735 0.404166 2013-12-06T06:59:55.000 7.25750 -7.25750 0.827772 0.836532
run_099 330 54 30.0000 0.7-1 50.0000 10.6233 32.9370 484 119 0.275741 2013-12-04T09:02 46 755 0.296296 2013-12-06T06:08:30.000 8.11667 -8.11667 0.592715 0.598281
run_099 340 62 20.0000 0.7-1 50.0000 9.61646 30.9534 463 120 0.312581 2013-12-04T09:02 46 792 0.441935 2013-12-06T05:48:09.677 8.45758 -8.45758 0.859116 0.866129
run_099 350 72 10.0000 0.7-1 50.0000 8.72903 28.7651 462 131 0.357778 2013-12-04T09:02 47 847 0.594445 2013-12-06T04:11:52.500 10.0621 -10.0621 1.96605 1.97984
run_016 270 17 90.0000 0.7-1 50.0000 12.3500 33.1000 573 79 0.273529 2013-12-05T09:02 45 727 0.288235 2013-12-07T06:05:31.765 6.69823 -6.69823 1.17113 1.20718
run_016 280 61 80.0000 0.7-1 50.0000 12.6500 33.8800 471 121 0.305574 2013-12-05T09:02 46 751 0.196721 2013-12-07T06:51:00.984 5.93967 -5.93967 1.34154 1.35267
run_016 290 60 70.0000 0.7-1 50.0000 12.5800 35.0900 486 120 0.274000 2013-12-05T09:02 46 759 0.258333 2013-12-07T05:44:30.000 7.04867 -7.04867 0.619291 0.624517
run_016 300 10 60.0000 0.7-1 50.0000 13.5300 35.6100 587 75 0.299000 2013-12-05T10:19 50 757 0.300000 2013-12-07T04:25:00.000 8.36800 -8.36800 0.112765 0.118865
run_016 320 57 40.0000 0.7-1 50.0000 11.5300 34.4423 455 117 0.330351 2013-12-05T09:02 46 729 0.484210 2013-12-07T08:33:45.263 4.22754 -4.22754 0.795931 0.803006
run_016 330 68 30.0000 0.7-1 50.0000 10.7750 33.1200 450 123 0.354559 2013-12-05T09:02 46 773 0.500000 2013-12-07T06:58:37.941 5.81412 -5.81412 0.784222 0.790052
run_016 340 72 20.0000 0.7-1 50.0000 9.76000 31.4625 462 130 0.362222 2013-12-05T09:02 46 818 0.436111 2013-12-07T04:56:33.333 7.85083 -7.85083 1.07538 1.08292
run_016 350 75 10.0000 0.7-1 50.0000 8.80212 28.1160 472 136 0.334667 2013-12-05T09:02 47 868 0.390667 2013-12-07T02:48:35.200 9.98387 -9.98387 1.62330 1.63423
run_020 320 56 40.0000 0.7-1 50.0000 11.6868 34.5100 444 110 0.331786 2013-12-14T22:19 47 706 0.428571 2013-12-16T21:59:19.286 5.55054 -5.55054 0.804470 0.811751
run_020 330 62 30.0000 0.7-1 50.0000 10.6600 33.4287 443 113 0.355161 2013-12-14T21:02 46 739 0.601613 2013-12-16T20:46:58.065 6.75903 -6.75903 0.769486 0.775768
run_020 340 67 20.0000 0.7-1 50.0000 9.67597 31.4347 447 121 0.369104 2013-12-14T21:02 46 788 0.576120 2013-12-16T18:54:07.164 8.64149 -8.64149 1.31994 1.32990
run_020 350 72 10.0000 0.7-1 50.0000 8.74903 28.7607 462 131 0.367361 2013-12-14T21:02 47 846 0.576389 2013-12-16T16:15:29.167 11.2854 -11.2854 1.88669 1.89993
run_032 310 21 50.0000 0.7-1 50.0000 11.6200 34.6500 552 60 0.251905 2014-03-28T01:02 45 683 0.171429 2014-03-30T01:25:48.571 7.62619 -7.62619 0.474938 0.486667
run_032 320 61 40.0000 0.7-1 50.0000 11.6448 34.0800 434 111 0.297869 2014-03-28T02:19 47 718 0.642623 2014-03-30T02:28:58.033 6.57196 -6.57196 0.760071 0.766379
run_032 330 63 30.0000 0.7-1 50.0000 10.5400 32.6600 478 129 0.310635 2014-03-28T01:02 46 769 0.749207 2014-03-29T22:13:10.476 10.8378 -10.8378 0.548242 0.552646
run_032 340 57 20.0000 0.7-1 50.0000 9.41667 30.5158 514 132 0.205965 2014-03-28T01:02 46 837 0.721053 2014-03-29T18:07:09.474 14.9404 -14.9404 0.701815 0.708053
run_032 350 61 10.0000 0.7-1 50.0000 8.58623 27.1987 505 132 0.165246 2014-03-28T01:02 48 918 0.557377 2014-03-29T15:01:44.262 18.0295 -18.0295 1.34649 1.35766
run_008 280 59 80.0000 0.7-1 50.0000 12.6900 33.6673 506 129 0.290847 2014-03-29T17:02 47 793 0.184746 2014-03-31T12:49:07.119 4.13813 -4.13813 1.21850 1.22896
run_008 290 53 70.0000 0.7-1 50.0000 12.7500 34.1719 533 118 0.230943 2014-03-29T17:02 47 812 0.250943 2014-03-31T11:13:30.566 5.73151 -5.73151 0.675525 0.681989
run_008 300 21 60.0000 0.7-1 50.0000 12.4100 34.5300 629 54 0.0533333 2014-03-29T17:02 46 812 0.328571 2014-03-31T08:53:54.286 8.05714 -8.05714 0.161633 0.165624
run_008 330 33 30.0000 0.7-1 50.0000 10.7800 32.3918 513 125 0.298485 2014-03-29T17:02 48 744 0.200000 2014-03-31T14:20:47.273 2.61061 -2.61061 0.589714 0.598858
run_008 340 66 20.0000 0.7-1 50.0000 9.49212 31.0831 443 120 0.361364 2014-03-29T17:02 46 783 0.556061 2014-03-31T16:15:21.818 1.02561 -0.702879 1.24135 1.25086
run_008 350 72 10.0000 0.7-1 50.0000 8.58958 27.9976 462 131 0.366250 2014-03-29T17:02 47 837 0.602778 2014-03-31T13:23:15.833 3.57069 -3.57069 1.91771 1.93117
run_086 290 6 70.0000 0.7-1 50.0000 13.2200 34.0900 587 46 0.121667 2014-04-13T22:19 49 688 0.300000 2014-04-15T20:49:00.000 7.75000 -7.75000 0.00000 0.00000
run_086 300 32 60.0000 0.7-1 50.0000 12.1278 34.4100 566 63 0.206562 2014-04-13T22:19 45 691 0.343750 2014-04-15T20:45:43.125 7.80969 -7.80969 0.215123 0.218565
run_086 310 51 50.0000 0.7-1 50.0000 11.7300 34.7700 470 112 0.282157 2014-04-13T21:02 45 711 0.284314 2014-04-15T21:47:29.412 6.78216 -6.78216 0.785472 0.793288
run_086 320 47 40.0000 0.7-1 50.0000 11.5332 33.4885 497 105 0.262128 2014-04-13T22:19 47 719 0.478723 2014-04-15T20:31:00.000 8.05532 -8.05532 0.629241 0.636044
run_086 330 58 30.0000 0.7-1 50.0000 10.4434 32.4922 458 119 0.306897 2014-04-13T21:02 46 748 0.381034 2014-04-15T20:36:37.241 7.96431 -7.96431 0.631340 0.636854
run_086 340 68 20.0000 0.7-1 50.0000 9.49000 30.5350 450 123 0.347353 2014-04-13T21:02 46 790 0.535294 2014-04-15T19:41:08.824 8.88941 -8.88941 1.16425 1.17291
run_086 350 72 10.0000 0.7-1 50.0000 8.57445 28.0722 462 131 0.359583 2014-04-13T21:02 47 848 0.577778 2014-04-15T17:23:07.500 11.1896 -11.1896 1.94794 1.96162
run_047 270 65 90.0000 0.7-1 50.0000 12.1600 31.9580 469 125 0.333538 2014-04-26T21:02 45 772 0.200000 2014-04-28T20:06:00.000 2.10600 1.64323 2.11914 2.13564
run_047 280 73 80.0000 0.7-1 50.0000 12.6400 33.3300 466 133 0.279178 2014-04-26T21:02 47 808 0.212329 2014-04-28T17:40:46.027 1.33452 -0.776712 1.33032 1.33952
run_047 290 76 70.0000 0.7-1 50.0000 12.7900 33.7900 475 137 0.218026 2014-04-26T21:02 48 834 0.169737 2014-04-28T15:31:04.737 2.93881 -2.93881 0.586273 0.590169
run_047 300 54 60.0000 0.7-1 50.0000 12.5700 34.8400 542 100 0.162407 2014-04-26T21:02 47 844 0.198148 2014-04-28T13:44:46.667 4.71000 -4.71000 0.261428 0.263882
run_047 310 14 50.0000 0.7-1 50.0000 11.9400 34.9800 625 51 0.0928571 2014-04-26T21:02 47 836 0.200000 2014-04-28T12:36:17.143 5.85214 -5.85214 0.241548 0.250666
run_047 320 8 40.0000 0.7-1 50.0000 11.5300 33.8800 612 61 0.0637500 2014-04-26T21:02 49 794 0.200000 2014-04-28T13:42:00.000 4.76000 -4.76000 0.00000 0.00000
run_047 330 56 30.0000 0.7-1 50.0000 10.6186 32.1475 511 134 0.197500 2014-04-26T21:02 47 840 0.473214 2014-04-28T14:28:33.214 3.98161 -3.98161 0.479314 0.483652
run_047 340 74 20.0000 0.7-1 50.0000 9.72162 30.7039 480 135 0.194730 2014-04-26T21:02 47 904 0.395946 2014-04-28T13:00:42.162 5.44662 -5.44662 0.800181 0.805643
run_047 350 76 10.0000 0.7-1 50.0000 8.82000 28.4125 475 137 0.236579 2014-04-26T21:02 48 974 0.321053 2014-04-28T12:13:45.789 6.22908 -6.22908 1.63957 1.65047
run_055 300 64 60.0000 0.7-1 50.0000 12.0300 33.9000 437 116 0.339219 2014-05-23T05:02 45 761 0.143750 2014-05-25T06:33:43.125 2.37453 -2.37453 0.852657 0.859398
run_055 310 71 50.0000 0.7-1 50.0000 12.0400 33.7800 459 129 0.320986 2014-05-23T05:02 47 794 0.343662 2014-05-25T03:11:51.549 5.73930 -5.73930 0.925859 0.932449
run_055 320 65 40.0000 0.7-1 50.0000 11.7000 33.2400 491 138 0.267692 2014-05-23T05:02 48 829 0.235385 2014-05-25T00:09:23.077 8.78000 -8.78000 0.812462 0.818785
run_055 330 73 30.0000 0.7-1 50.0000 10.4808 32.2871 483 134 0.291507 2014-05-23T05:02 46 875 0.193151 2014-05-24T23:41:22.192 9.25055 -9.25055 0.917735 0.924086
run_055 340 76 20.0000 0.7-1 50.0000 9.68001 30.0750 475 137 0.292763 2014-05-23T05:02 47 891 0.165789 2014-05-24T23:24:09.474 9.53763 -9.53763 0.937269 0.943497
run_055 350 72 10.0000 0.7-1 50.0000 8.48778 27.8218 485 133 0.238056 2014-05-23T05:02 47 876 0.166667 2014-05-24T22:32:20.000 10.4012 -10.4012 1.51857 1.52923
run_097 270 55 90.0000 0.7-1 50.0000 12.3800 31.8202 511 132 0.263818 2014-05-25T01:02 46 791 0.189091 2014-05-26T21:30:32.727 9.14509 -9.14509 2.01589 2.03447
run_097 280 49 80.0000 0.7-1 50.0000 12.5000 33.1359 540 119 0.214286 2014-05-25T01:02 47 804 0.234694 2014-05-26T20:12:12.245 10.4498 -10.4498 1.37761 1.39189
run_097 290 13 70.0000 0.7-1 50.0000 12.2600 33.9477 626 55 0.113077 2014-05-25T01:02 46 799 0.361539 2014-05-26T18:56:36.923 11.7115 -11.7115 0.461333 0.480171
run_097 320 58 40.0000 0.7-1 50.0000 11.3000 33.2800 469 121 0.315000 2014-05-25T01:02 46 742 0.412069 2014-05-27T01:03:22.759 5.59707 -5.59707 0.912356 0.920324
run_097 330 61 30.0000 0.7-1 50.0000 10.4144 32.3152 472 126 0.275246 2014-05-25T01:02 46 770 0.390164 2014-05-26T23:18:34.426 7.34574 -7.34574 0.582562 0.587397
run_097 340 38 20.0000 0.7-1 50.0000 8.84000 29.3200 475 138 0.196053 2014-05-24T23:45 46 845 0.626316 2014-05-26T18:31:34.737 12.1339 -12.1339 0.529923 0.537037
run_097 350 11 10.0000 0.7-1 50.0000 7.96000 26.0336 643 41 0.0618182 2014-05-24T23:45 47 921 0.654545 2014-05-26T11:59:32.727 18.6691 -18.6691 0.646943 0.678520
run_015 280 9 80.0000 0.7-1 50.0000 12.1800 33.7700 575 68 0.236667 2014-06-16T21:02 46 744 0.200000 2014-06-18T18:46:26.667 7.93000 -7.93000 0.111952 0.118743
run_015 290 65 70.0000 0.7-1 50.0000 12.3200 33.5443 470 121 0.276615 2014-06-16T21:02 46 765 0.133846 2014-06-18T19:50:55.385 6.85477 -6.85477 0.697814 0.703245
run_015 300 69 60.0000 0.7-1 50.0000 12.1000 33.4600 470 127 0.265797 2014-06-16T21:02 46 772 0.102898 2014-06-18T19:08:57.391 7.55420 -7.55420 0.478571 0.482077
run_015 310 18 50.0000 0.7-1 50.0000 12.2256 34.5900 598 68 0.197222 2014-06-16T22:20 47 751 0.288889 2014-06-18T17:54:13.333 8.80889 -8.80889 0.0795046 0.0818095
run_015 320 20 40.0000 0.7-1 50.0000 11.1100 33.3400 536 75 0.278000 2014-06-16T21:02 47 719 0.100000 2014-06-18T20:21:30.000 6.34550 -6.34550 0.366872 0.376402
run_015 330 66 30.0000 0.7-1 50.0000 10.3458 32.0249 443 120 0.338636 2014-06-16T21:02 46 756 0.604545 2014-06-18T21:48:50.000 4.89121 -4.89121 0.865317 0.871948
run_015 340 69 20.0000 0.7-1 50.0000 9.40130 30.0909 453 125 0.364203 2014-06-16T21:02 46 811 0.466667 2014-06-18T19:59:10.435 6.72073 -6.72073 1.33514 1.34493
run_015 350 75 10.0000 0.7-1 50.0000 8.49253 27.0623 472 136 0.349467 2014-06-16T21:02 47 861 0.454666 2014-06-18T17:04:19.200 9.63467 -9.63467 1.87018 1.88278
run_067 300 35 60.0000 0.7-1 50.0000 12.0840 34.0200 547 64 0.271714 2014-08-14T02:20 46 692 0.351429 2014-08-16T01:48:37.714 8.12971 -8.12971 0.234636 0.238062
run_067 310 40 50.0000 0.7-1 50.0000 11.8112 34.2100 520 83 0.256750 2014-08-14T02:20 46 702 0.385000 2014-08-16T01:46:18.000 8.16825 -8.16825 0.667809 0.676317
run_067 320 57 40.0000 0.7-1 50.0000 11.2000 33.3066 451 115 0.319123 2014-08-14T01:02 46 727 0.303509 2014-08-16T02:39:43.158 7.27474 -7.27474 0.865170 0.872861
run_067 330 67 30.0000 0.7-1 50.0000 10.4179 32.3200 447 121 0.331194 2014-08-14T01:02 46 759 0.565672 2014-08-16T01:08:17.015 8.80015 -8.80015 0.780177 0.786065
run_067 340 68 20.0000 0.7-1 50.0000 9.38000 30.0168 472 126 0.328088 2014-08-14T01:02 46 805 0.485294 2014-08-15T22:23:17.647 11.5521 -11.5521 1.00819 1.01569
run_067 350 73 10.0000 0.7-1 50.0000 8.50178 27.1001 483 134 0.302055 2014-08-14T01:02 47 868 0.449315 2014-08-15T19:41:55.068 14.2416 -14.2416 1.58035 1.59129
run_071 290 41 70.0000 0.7-1 50.0000 13.2800 33.9600 508 87 0.340244 2014-10-08T22:19 49 698 0.187805 2014-10-10T21:53:23.415 5.12683 -5.12683 0.657142 0.665306
run_071 300 64 60.0000 0.7-1 50.0000 12.1200 34.9900 437 116 0.292188 2014-10-08T21:02 45 727 0.312500 2014-10-10T21:47:56.250 5.22422 -5.22422 0.538832 0.543092
run_071 310 61 50.0000 0.7-1 50.0000 11.9200 34.3500 455 116 0.278361 2014-10-08T21:02 46 743 0.298361 2014-10-10T20:23:38.361 6.62967 -6.62967 0.825553 0.832404
run_071 320 43 40.0000 0.7-1 50.0000 11.3700 34.2000 476 125 0.287674 2014-10-08T21:02 47 747 0.400000 2014-10-10T19:10:36.279 7.84675 -7.84675 0.640979 0.648565
run_071 330 43 30.0000 0.7-1 50.0000 10.7800 32.6188 476 125 0.314884 2014-10-08T21:02 48 745 0.169767 2014-10-10T19:04:19.535 7.95140 -7.95140 0.502439 0.508385
run_071 340 68 20.0000 0.7-1 50.0000 9.51000 30.8725 450 123 0.332941 2014-10-08T21:02 46 782 0.629412 2014-10-10T19:20:42.353 7.67970 -7.67970 1.19642 1.20531
run_071 350 70 10.0000 0.7-1 50.0000 8.55742 27.5640 484 132 0.303714 2014-10-08T21:02 47 844 0.674286 2014-10-10T15:25:54.857 11.5931 -11.5931 1.71471 1.72709
run_034 290 76 70.0000 0.7-1 50.0000 13.4100 35.6800 475 137 0.198290 2014-11-14T09:02 49 903 0.636842 2014-11-16T00:13:18.947 2.41790 -2.41790 0.619247 0.623361
run_034 300 76 60.0000 0.7-1 50.0000 13.2900 35.4100 475 137 0.214474 2014-11-14T09:02 49 918 0.113158 2014-11-16T00:10:09.474 2.47079 -2.47079 0.513027 0.516436
run_034 310 76 50.0000 0.7-1 50.0000 12.7400 35.7200 475 137 0.155789 2014-11-14T09:02 48 920 0.0999999 2014-11-15T23:04:22.105 3.56711 -3.56711 0.627541 0.631711
run_034 320 48 40.0000 0.7-1 50.0000 11.9200 34.7400 506 140 0.138125 2014-11-14T09:02 48 890 0.135417 2014-11-15T23:14:17.500 3.40188 -3.40188 0.579683 0.585817
run_034 330 76 30.0000 0.7-1 50.0000 10.8600 33.4400 475 137 0.418290 2014-11-14T09:02 46 945 0.510526 2014-11-16T03:04:01.579 1.30658 0.423947 1.47337 1.48316
run_034 340 76 20.0000 0.7-1 50.0000 10.2200 31.3075 475 137 0.328947 2014-11-14T09:02 48 1006 0.314474 2014-11-16T00:31:55.263 2.11289 -2.11132 1.39237 1.40162
run_034 350 57 10.0000 0.7-1 50.0000 8.49000 27.9867 475 138 0.232105 2014-11-14T07:45 48 1102 0.621053 2014-11-15T20:26:34.737 6.20351 -6.20351 0.972491 0.981135
run_092 310 62 50.0000 0.7-1 50.0000 12.0500 34.6600 431 112 0.371774 2015-01-02T21:02 46 749 0.180645 2015-01-04T21:42:38.710 3.59597 -3.59597 1.04871 1.05727
run_092 320 67 40.0000 0.7-1 50.0000 11.8800 34.5701 447 121 0.357761 2015-01-02T21:02 47 785 0.383582 2015-01-04T18:56:55.522 6.35836 -6.35836 0.923881 0.930854
run_092 330 60 30.0000 0.7-1 50.0000 10.8962 33.2725 510 130 0.275500 2015-01-02T21:02 47 819 0.381666 2015-01-04T14:34:07.000 10.7402 -10.7402 0.611720 0.616883
run_092 340 76 20.0000 0.7-1 50.0000 9.91499 31.4925 475 137 0.233684 2015-01-02T21:02 46 892 0.622369 2015-01-04T12:41:07.895 12.6243 -12.6243 1.38401 1.39321
run_092 350 76 10.0000 0.7-1 50.0000 9.03499 29.0450 475 137 0.272763 2015-01-02T21:02 48 976 0.440789 2015-01-04T11:28:14.211 13.8393 -13.8393 1.97534 1.98847
run_029 290 8 70.0000 0.7-1 50.0000 12.3600 34.3500 587 61 0.172500 2015-01-17T01:02 45 711 0.300000 2015-01-18T22:10:45.000 3.84125 -3.84125 0.0562222 0.0601041
run_029 300 64 60.0000 0.7-1 50.0000 12.4700 35.0800 437 116 0.374375 2015-01-17T01:02 46 784 0.378125 2015-01-19T00:32:09.375 1.48781 -1.48719 0.961796 0.969399
run_029 310 70 50.0000 0.7-1 50.0000 12.5400 35.3500 456 127 0.394000 2015-01-17T01:02 47 828 0.314286 2015-01-18T21:48:17.143 4.21857 -4.21857 1.10175 1.10971
run_029 320 74 40.0000 0.7-1 50.0000 11.8754 34.6100 468 134 0.338784 2015-01-17T01:02 47 859 0.264865 2015-01-18T19:27:03.243 6.57378 -6.57378 0.971694 0.978326
run_029 330 76 30.0000 0.7-1 50.0000 10.8250 33.4200 475 137 0.268026 2015-01-17T01:02 46 873 0.253947 2015-01-18T17:45:28.421 8.26895 -8.26895 0.662141 0.666540
run_029 340 66 20.0000 0.7-1 50.0000 9.68848 31.5454 492 137 0.170606 2015-01-17T01:02 46 860 0.378788 2015-01-18T16:12:40.000 9.81667 -9.81667 0.946905 0.954161
run_029 350 47 10.0000 0.7-1 50.0000 8.39638 27.1785 498 137 0.306383 2015-01-17T01:02 47 873 0.200000 2015-01-18T17:26:45.957 8.58276 -8.58276 0.886760 0.896347
run_037 320 73 40.0000 0.7-1 50.0000 11.8400 34.8100 465 132 0.331781 2015-01-28T13:02 47 820 0.591781 2015-01-30T08:36:39.452 11.0956 -11.0956 0.931764 0.938212
run_037 330 71 30.0000 0.7-1 50.0000 11.1039 33.5690 487 133 0.220563 2015-01-28T13:02 48 879 0.450704 2015-01-30T04:47:43.944 14.9130 -14.9130 0.532709 0.536500
run_037 340 64 20.0000 0.7-1 50.0000 9.94905 31.2854 491 139 0.156562 2015-01-28T13:02 47 946 0.303125 2015-01-30T01:44:05.625 17.9755 -17.9755 0.481981 0.485791
run_037 350 71 10.0000 0.7-1 50.0000 8.69212 28.7517 487 133 0.162113 2015-01-28T13:02 47 1016 0.166197 2015-01-30T00:14:41.408 19.4672 -19.4672 1.12651 1.13452
run_006 300 72 60.0000 0.7-1 50.0000 12.4900 35.7200 462 130 0.309306 2015-02-02T17:02 46 777 0.686111 2015-02-04T13:43:06.667 4.38820 -4.38820 0.513391 0.516994
run_006 310 76 50.0000 0.7-1 50.0000 12.5900 35.6300 475 137 0.240658 2015-02-02T17:02 48 875 0.472368 2015-02-04T09:36:36.316 8.49645 -8.49645 0.738807 0.743716
run_006 320 60 40.0000 0.7-1 50.0000 11.9612 34.4600 496 137 0.108500 2015-02-02T17:02 48 947 0.561667 2015-02-04T04:40:17.000 13.4378 -13.4378 0.424991 0.428577
run_006 330 62 30.0000 0.7-1 50.0000 11.0552 33.9400 489 141 0.0920968 2015-02-02T17:02 48 1042 0.470968 2015-02-04T01:31:44.516 16.5821 -16.5821 0.299630 0.302076
run_006 340 59 20.0000 0.7-1 50.0000 9.75967 31.5417 482 141 0.0837288 2015-02-02T17:02 47 1141 0.242373 2015-02-03T22:48:47.797 19.3005 -19.3005 0.215142 0.216989
run_006 350 58 10.0000 0.7-1 50.0000 8.74914 28.2817 478 140 0.0831034 2015-02-02T17:02 49 1238 0.101724 2015-02-03T20:38:44.483 21.4669 -21.4669 0.547534 0.552316
run_022 270 64 90.0000 0.7-1 50.0000 12.4900 32.7002 482 132 0.273906 2015-02-14T21:02 46 800 0.348437 2015-02-16T16:51:22.500 6.93343 6.93343 2.02758 2.04361
run_022 280 67 80.0000 0.7-1 50.0000 13.0700 33.9840 491 136 0.203582 2015-02-14T21:02 48 862 0.289552 2015-02-16T13:21:42.090 3.43836 3.43836 1.23542 1.24475
run_022 290 76 70.0000 0.7-1 50.0000 13.4500 35.3200 475 137 0.127105 2015-02-14T21:02 49 915 0.234211 2015-02-16T10:25:41.053 0.569737 0.504473 0.543218 0.546827
run_022 300 39 60.0000 0.7-1 50.0000 13.5200 35.6700 590 71 0.0992308 2015-02-14T21:02 50 955 0.228205 2015-02-16T07:29:41.538 2.42872 -2.42872 0.134778 0.136540
run_022 310 12 50.0000 0.7-1 50.0000 11.8100 35.0500 647 50 0.0716667 2015-02-14T21:02 45 986 0.116667 2015-02-16T05:33:40.000 4.36667 -4.36667 0.358709 0.374659
run_022 320 50 40.0000 0.7-1 50.0000 11.2972 35.5100 512 140 0.0840000 2015-02-14T21:02 46 1040 0.0999999 2015-02-16T05:22:09.600 4.56040 -4.56040 0.569178 0.574957
run_022 330 45 30.0000 0.7-1 50.0000 10.5800 33.4200 498 140 0.0891111 2015-02-14T19:45 47 1104 0.171111 2015-02-16T03:47:53.333 6.13178 -6.13178 0.340590 0.344438
run_022 340 57 20.0000 0.7-1 50.0000 9.77000 31.4167 475 138 0.0761403 2015-02-14T19:45 48 1167 0.0999999 2015-02-16T02:00:57.895 7.91491 -7.91491 0.164105 0.165563
run_022 350 57 10.0000 0.7-1 50.0000 8.73000 28.3233 475 138 0.0831579 2015-02-14T19:45 49 1244 0.0999999 2015-02-16T00:36:55.789 9.31491 -9.31491 0.492588 0.496966
run_002 270 72 90.0000 0.7-1 50.0000 12.5100 32.3692 480 132 0.266944 2015-04-04T17:02 46 838 0.266667 2015-04-06T12:02:33.333 5.91916 5.91916 1.92987 1.94341
run_002 280 69 80.0000 0.7-1 50.0000 13.1000 33.2300 490 134 0.162899 2015-04-04T17:02 48 894 0.262319 2015-04-06T08:27:04.348 2.32754 2.32754 1.16881 1.17737
run_002 290 58 70.0000 0.7-1 50.0000 13.4300 34.1400 513 131 0.105000 2015-04-04T17:02 50 942 0.231034 2015-04-06T05:22:20.690 0.764483 -0.750690 0.498051 0.502401
run_002 300 20 60.0000 0.7-1 50.0000 13.4600 34.1400 650 36 0.0760000 2015-04-04T17:02 50 977 0.175000 2015-04-06T02:32:30.000 3.58150 -3.58150 0.125788 0.129056
run_002 310 6 50.0000 0.7-1 50.0000 11.4000 35.2200 675 22 0.0500000 2015-04-04T15:45 45 1003 0.100000 2015-04-06T01:05:00.000 5.04500 -5.04500 0.165000 0.180748
run_002 320 3 40.0000 0.7-1 50.0000 10.9200 33.2500 675 25 0.0266667 2015-04-04T15:45 46 1022 0.100000 2015-04-05T23:51:40.000 6.26667 -6.26667 0.0801388 0.0981496
run_002 330 24 30.0000 0.7-1 50.0000 10.3100 32.4700 511 145 0.0708333 2015-04-04T15:45 47 1064 0.200000 2015-04-06T00:30:00.000 5.62583 -5.62583 0.238745 0.243880
run_002 340 41 20.0000 0.7-1 50.0000 9.50000 29.9473 489 143 0.0836585 2015-04-04T15:45 47 1111 0.100000 2015-04-05T23:54:01.463 6.22585 -6.22585 0.180784 0.183030
run_002 350 45 10.0000 0.7-1 50.0000 8.50000 27.0527 498 140 0.0717778 2015-04-04T15:45 49 1200 0.117778 2015-04-05T21:19:26.667 8.80200 -8.80200 0.502353 0.508029
run_088 300 38 60.0000 0.7-1 50.0000 12.1521 34.0100 550 71 0.372105 2015-04-24T22:19 46 703 0.407895 2015-04-26T21:08:34.737 7.52895 -7.52895 0.306584 0.310699
run_088 310 62 50.0000 0.7-1 50.0000 11.8300 34.6800 431 112 0.372742 2015-04-24T21:02 46 740 0.350000 2015-04-26T23:25:13.548 5.25274 -5.25274 1.07948 1.08829
run_088 320 65 40.0000 0.7-1 50.0000 11.5100 33.7900 440 118 0.339385 2015-04-24T21:02 47 761 0.316923 2015-04-26T21:25:04.615 7.25539 -7.25539 1.03404 1.04209
run_088 330 61 30.0000 0.7-1 50.0000 10.4689 32.5596 472 126 0.296557 2015-04-24T21:02 46 771 0.390164 2015-04-26T19:00:12.787 9.67049 -9.67049 0.572954 0.577709
run_088 340 61 20.0000 0.7-1 50.0000 9.37295 30.3546 479 126 0.346229 2015-04-24T21:02 46 793 0.255738 2015-04-26T18:36:20.656 10.0692 -10.0692 0.851849 0.858918
run_088 350 67 10.0000 0.7-1 50.0000 8.46611 28.0752 483 131 0.357761 2015-04-24T21:02 47 847 0.589552 2015-04-26T16:40:42.985 11.9969 -11.9969 1.46667 1.47774
run_007 330 58 30.0000 0.7-1 50.0000 10.2990 32.3600 458 119 0.308276 2015-06-02T13:02 46 745 0.493103 2015-06-04T13:30:35.172 5.64534 -5.64534 0.717080 0.723343
run_007 340 39 20.0000 0.7-1 50.0000 8.82000 29.8423 480 141 0.319231 2015-06-02T13:02 46 826 0.394872 2015-06-04T08:37:44.615 10.5305 -10.5305 0.705956 0.715185
run_017 300 37 60.0000 0.7-1 50.0000 12.2665 33.4400 534 68 0.215405 2015-07-13T06:20 47 679 0.375676 2015-07-15T06:41:14.595 7.95703 -7.95703 0.159609 0.161810
run_017 310 50 50.0000 0.7-1 50.0000 11.7068 33.7500 464 107 0.262800 2015-07-13T06:20 46 703 0.478000 2015-07-15T07:12:50.400 7.42540 -7.42540 0.689186 0.696183
run_017 320 60 40.0000 0.7-1 50.0000 11.2300 33.1000 461 120 0.321000 2015-07-13T05:02 46 751 0.581667 2015-07-15T05:27:30.000 9.17850 -9.17850 0.961531 0.969646
run_017 330 70 30.0000 0.7-1 50.0000 10.5167 32.2797 456 127 0.346857 2015-07-13T05:02 46 799 0.458571 2015-07-15T03:48:26.571 10.8309 -10.8309 0.851405 0.857553
run_017 340 73 20.0000 0.7-1 50.0000 9.48643 30.0807 465 132 0.343425 2015-07-13T05:02 46 843 0.353425 2015-07-15T01:59:32.877 12.6475 -12.6475 1.21287 1.22127
run_017 350 75 10.0000 0.7-1 50.0000 8.54733 27.2891 472 136 0.343600 2015-07-13T05:02 47 885 0.264000 2015-07-15T00:34:27.200 14.0656 -14.0656 1.70190 1.71336
run_045 270 2 90.0000 0.7-1 50.0000 13.5500 32.9000 687 17 0.0200000 2015-09-16T21:02 50 987 0.200000 2015-09-18T05:22:00.000 2.19000 -2.19000 0.00000 0.00000
run_045 320 4 40.0000 0.7-1 50.0000 10.7300 34.5900 662 32 0.0300000 2015-09-16T19:45 46 977 0.700000 2015-09-18T05:35:00.000 1.98000 -1.98000 0.00000 0.00000
run_045 330 43 30.0000 0.7-1 50.0000 10.3284 32.2900 495 142 0.0934884 2015-09-16T21:02 47 1005 0.211628 2015-09-18T07:19:04.186 0.363953 -0.241163 0.384582 0.389133
run_045 340 24 20.0000 0.7-1 50.0000 9.26000 29.4912 511 145 0.0741667 2015-09-16T19:45 47 1037 0.137500 2015-09-18T05:15:00.000 2.31000 -2.31000 0.109735 0.112095
run_045 350 3 10.0000 0.7-1 50.0000 8.17000 26.3000 675 25 0.0700000 2015-09-16T19:45 50 1039 0.200000 2015-09-18T03:35:00.000 3.98000 -3.98000 2.38419e-07 0.00000
run_049 350 38 10.0000 0.7-1 50.0000 8.13000 27.4700 475 138 0.234474 2015-10-31T03:45 47 912 0.857894 2015-11-01T19:58:41.053 4.68158 4.68158 0.705566 0.715037
run_080 270 64 90.0000 0.7-1 50.0000 12.4800 32.6601 482 132 0.270156 2015-11-17T21:02 46 797 0.334375 2015-11-19T16:52:56.250 7.09219 7.09219 2.03442 2.05050
run_080 280 60 80.0000 0.7-1 50.0000 13.0300 33.8674 507 131 0.191833 2015-11-17T21:02 47 850 0.298334 2015-11-19T13:21:50.000 3.57417 3.57417 1.22526 1.23560
run_080 290 61 70.0000 0.7-1 50.0000 13.3600 35.0700 509 129 0.126066 2015-11-17T21:02 49 901 0.216393 2015-11-19T10:33:08.852 0.774591 0.762787 0.540619 0.545106
run_080 300 24 60.0000 0.7-1 50.0000 13.4000 35.2400 636 45 0.0995833 2015-11-17T21:02 49 935 0.220833 2015-11-19T07:44:55.000 2.04042 -2.04042 0.134210 0.137097
run_080 310 5 50.0000 0.7-1 50.0000 11.3700 34.4100 650 39 0.0360000 2015-11-17T19:45 45 956 0.100000 2015-11-19T05:55:00.000 3.88000 -3.88000 2.38419e-07 0.00000
run_080 320 57 40.0000 0.7-1 50.0000 11.6800 34.5700 501 135 0.108772 2015-11-17T21:02 47 1018 0.126316 2015-11-19T06:46:58.947 3.01123 -3.01123 0.591457 0.596714
run_080 330 44 30.0000 0.7-1 50.0000 10.4800 32.8114 497 141 0.0870454 2015-11-17T19:45 46 1065 0.115909 2015-11-19T04:41:08.182 5.11114 -5.11114 0.300410 0.303884
run_080 340 14 20.0000 0.7-1 50.0000 9.55000 29.3650 560 101 0.0678571 2015-11-17T19:45 48 1104 0.107143 2015-11-19T02:13:34.286 7.57286 -7.57286 0.0559883 0.0581018
run_085 310 45 50.0000 0.7-1 50.0000 12.0822 34.8400 486 100 0.281778 2015-11-20T22:19 46 693 0.300000 2015-11-22T21:20:00.000 6.50533 -6.50533 0.701229 0.709153
run_085 320 38 40.0000 0.7-1 50.0000 11.5100 34.0800 499 113 0.270789 2015-11-20T21:02 47 735 0.871052 2015-11-22T18:30:56.842 9.32447 -9.32447 0.628058 0.636488
run_085 330 2 30.0000 0.7-1 50.0000 9.78000 33.2500 687 17 0.0300000 2015-11-20T19:45 45 813 1.00000 2015-11-22T11:10:00.000 16.6800 -16.6800 0.0799999 0.113137
run_089 310 36 50.0000 0.7-1 50.0000 12.0689 35.2200 531 77 0.263611 2015-11-23T06:19 46 696 0.269444 2015-11-25T04:20:51.667 6.74139 -6.74139 0.628115 0.637025
run_089 320 55 40.0000 0.7-1 50.0000 11.5100 34.5691 452 117 0.296545 2015-11-23T05:02 46 720 0.476364 2015-11-25T04:53:49.091 6.19327 -6.19327 0.777338 0.784503
run_089 330 62 30.0000 0.7-1 50.0000 10.6674 33.2211 454 116 0.333387 2015-11-23T05:02 46 753 0.461290 2015-11-25T03:43:05.806 7.37339 -7.37339 0.661845 0.667248
run_089 340 68 20.0000 0.7-1 50.0000 9.67500 31.2950 450 123 0.365588 2015-11-23T05:02 46 795 0.436764 2015-11-25T02:42:19.412 8.38794 -8.38794 1.10251 1.11071
run_089 350 72 10.0000 0.7-1 50.0000 8.71931 28.6351 462 131 0.361250 2015-11-23T05:02 47 843 0.530556 2015-11-25T00:26:02.500 10.6593 -10.6593 1.80762 1.82030
run_056 330 76 30.0000 0.7-1 50.0000 11.0825 33.8350 475 137 0.335921 2015-12-07T01:02 47 848 0.251316 2015-12-08T19:04:27.632 7.48421 -7.48421 0.753697 0.758705
run_056 340 33 20.0000 0.7-1 50.0000 9.14000 30.5400 501 128 0.180303 2015-12-06T23:45 46 861 0.209091 2015-12-08T15:54:41.818 10.6518 -10.6518 0.308215 0.312994
run_056 350 21 10.0000 0.7-1 50.0000 8.23000 27.4400 557 109 0.0866667 2015-12-06T23:45 48 943 0.800000 2015-12-08T10:54:02.857 15.6610 -15.6610 0.241284 0.247243
